1.00 58.00 6.61
1.00 3.00 6.57
1.00 57.00 8.33
1.00 23.00 8.87
1.00 24.00 6.15
1.00 59.00 7.20
1.00 2.00 3.72
1.00 25.00 7.17
2.00 61.00 8.96
2.00 58.00 4.46
2.00 19.00 9.96
2.00 62.00 9.66
2.00 3.00 3.82
2.00 4.00 6.78
2.00 56.00 6.83
2.00 57.00 5.33
2.00 26.00 8.55
2.00 23.00 8.04
2.00 24.00 6.42
2.00 59.00 6.80
2.00 25.00 6.22
3.00 58.00 6.72
3.00 62.00 9.41
3.00 4.00 3.81
3.00 5.00 6.68
3.00 56.00 5.54
3.00 57.00 4.99
3.00 26.00 5.52
3.00 27.00 6.93
3.00 24.00 8.75
3.00 59.00 8.95
3.00 25.00 4.76
4.00 54.00 9.06
4.00 55.00 7.06
4.00 58.00 8.93
4.00 69.00 9.91
4.00 15.00 9.15
4.00 16.00 8.94
4.00 19.00 9.85
4.00 62.00 9.87
4.00 5.00 3.81
4.00 56.00 4.45
4.00 57.00 6.45
4.00 63.00 9.60
4.00 12.00 9.06
4.00 26.00 4.81
4.00 27.00 5.97
4.00 28.00 8.04
4.00 25.00 6.25
5.00 53.00 8.67
5.00 54.00 6.18
5.00 55.00 5.14
5.00 64.00 9.55
5.00 40.00 9.42
5.00 56.00 6.30
5.00 57.00 8.42
5.00 6.00 7.37
5.00 7.00 9.70
5.00 12.00 9.01
5.00 26.00 6.05
5.00 27.00 4.77
5.00 28.00 5.83
5.00 25.00 8.90
6.00 11.00 9.44
6.00 54.00 7.10
6.00 55.00 7.58
6.00 8.00 5.13
6.00 9.00 7.79
6.00 10.00 8.45
6.00 196.00 9.53
6.00 40.00 8.86
6.00 30.00 6.66
6.00 37.00 9.17
6.00 7.00 3.84
6.00 12.00 8.60
6.00 27.00 8.75
6.00 28.00 5.75
6.00 29.00 6.13
7.00 8.00 3.84
7.00 9.00 7.07
7.00 10.00 9.22
7.00 193.00 9.94
7.00 195.00 9.64
7.00 196.00 8.35
7.00 30.00 7.20
7.00 12.00 9.77
7.00 27.00 9.53
7.00 190.00 9.93
7.00 28.00 5.94
7.00 29.00 6.10
8.00 11.00 8.56
8.00 9.00 3.86
8.00 10.00 5.79
8.00 193.00 6.62
8.00 194.00 6.22
8.00 195.00 6.31
8.00 196.00 6.25
8.00 204.00 9.34
8.00 30.00 8.94
8.00 197.00 9.49
8.00 13.00 8.88
8.00 191.00 9.54
8.00 12.00 7.91
8.00 190.00 8.55
8.00 192.00 7.97
8.00 28.00 9.10
8.00 29.00 9.23
9.00 11.00 6.46
9.00 10.00 3.81
9.00 193.00 5.73
9.00 194.00 4.74
9.00 195.00 7.06
9.00 196.00 8.64
9.00 13.00 5.28
9.00 14.00 8.94
9.00 15.00 9.75
9.00 16.00 9.27
9.00 191.00 6.84
9.00 12.00 5.55
9.00 190.00 6.74
9.00 192.00 6.39
10.00 100.00 9.36
10.00 104.00 9.42
10.00 11.00 3.78
10.00 151.00 9.14
10.00 152.00 9.88
10.00 155.00 9.92
10.00 55.00 9.67
10.00 193.00 7.17
10.00 194.00 4.04
10.00 195.00 6.20
10.00 196.00 8.98
10.00 13.00 5.97
10.00 14.00 8.59
10.00 15.00 9.85
10.00 191.00 9.52
10.00 12.00 5.42
10.00 192.00 8.70
11.00 97.00 9.46
11.00 100.00 9.17
11.00 65.00 9.41
11.00 66.00 6.50
11.00 67.00 9.09
11.00 149.00 9.27
11.00 151.00 9.07
11.00 152.00 9.94
11.00 54.00 8.75
11.00 55.00 7.44
11.00 194.00 7.67
11.00 195.00 9.75
11.00 13.00 5.63
11.00 14.00 6.74
11.00 15.00 7.47
11.00 16.00 9.59
11.00 12.00 3.85
12.00 66.00 7.48
12.00 151.00 9.81
12.00 54.00 8.95
12.00 55.00 6.89
12.00 194.00 8.93
12.00 69.00 9.82
12.00 70.00 9.80
12.00 13.00 3.72
12.00 14.00 5.59
12.00 15.00 4.95
12.00 16.00 6.11
12.00 17.00 8.43
12.00 18.00 9.87
13.00 66.00 9.99
13.00 149.00 8.69
13.00 151.00 6.89
13.00 152.00 9.67
13.00 193.00 9.68
13.00 194.00 8.16
13.00 148.00 8.57
13.00 14.00 3.78
13.00 15.00 5.26
13.00 16.00 5.48
13.00 17.00 6.25
13.00 18.00 8.71
13.00 19.00 9.89
13.00 191.00 7.69
13.00 190.00 8.17
13.00 192.00 9.40
14.00 146.00 9.11
14.00 147.00 8.95
14.00 150.00 8.78
14.00 66.00 8.79
14.00 67.00 9.54
14.00 149.00 5.78
14.00 151.00 6.25
14.00 152.00 9.11
14.00 148.00 5.26
14.00 69.00 9.97
14.00 70.00 7.85
14.00 15.00 3.76
14.00 16.00 5.74
14.00 17.00 5.11
14.00 18.00 6.24
14.00 19.00 8.56
15.00 66.00 7.68
15.00 67.00 9.09
15.00 149.00 8.83
15.00 151.00 9.99
15.00 55.00 9.35
15.00 148.00 8.00
15.00 69.00 7.57
15.00 70.00 6.43
15.00 72.00 8.66
15.00 16.00 3.77
15.00 17.00 5.20
15.00 18.00 5.18
15.00 19.00 5.96
15.00 56.00 9.56
15.00 20.00 8.47
16.00 148.00 9.73
16.00 70.00 9.90
16.00 17.00 3.78
16.00 18.00 5.46
16.00 19.00 4.85
16.00 190.00 9.58
16.00 21.00 9.94
16.00 23.00 9.26
16.00 20.00 6.07
17.00 149.00 9.71
17.00 151.00 9.37
17.00 148.00 7.07
17.00 182.00 7.44
17.00 18.00 3.71
17.00 19.00 5.41
17.00 185.00 8.68
17.00 21.00 8.64
17.00 181.00 9.14
17.00 20.00 5.31
17.00 22.00 9.80
18.00 147.00 9.74
18.00 149.00 9.77
18.00 73.00 8.37
18.00 76.00 9.82
18.00 78.00 9.53
18.00 145.00 9.76
18.00 148.00 6.99
18.00 182.00 9.05
18.00 70.00 7.86
18.00 72.00 7.54
18.00 19.00 3.80
18.00 21.00 6.06
18.00 181.00 9.65
18.00 23.00 8.22
18.00 20.00 5.25
18.00 22.00 8.31
19.00 73.00 9.89
19.00 70.00 9.29
19.00 72.00 7.64
19.00 21.00 5.54
19.00 23.00 4.95
19.00 24.00 7.67
19.00 20.00 3.69
19.00 22.00 6.19
20.00 182.00 7.79
20.00 185.00 9.70
20.00 21.00 5.34
20.00 181.00 7.16
20.00 23.00 5.76
20.00 24.00 8.17
20.00 22.00 4.78
20.00 184.00 9.19
21.00 73.00 9.14
21.00 75.00 9.19
21.00 76.00 6.85
21.00 77.00 9.90
21.00 78.00 9.37
21.00 72.00 8.41
21.00 181.00 8.33
21.00 23.00 5.40
21.00 24.00 9.00
21.00 22.00 3.82
22.00 76.00 9.94
22.00 181.00 8.38
22.00 23.00 3.77
22.00 24.00 6.38
23.00 76.00 9.87
23.00 72.00 9.11
23.00 24.00 3.70
23.00 25.00 9.63
24.00 58.00 9.94
24.00 25.00 7.12
25.00 56.00 9.67
25.00 57.00 9.67
25.00 26.00 3.80
25.00 27.00 7.00
25.00 28.00 9.69
26.00 56.00 9.16
26.00 27.00 3.81
26.00 28.00 5.94
27.00 55.00 9.78
27.00 56.00 9.74
27.00 28.00 3.73
27.00 29.00 9.96
28.00 54.00 9.82
28.00 55.00 9.60
28.00 40.00 9.16
28.00 30.00 9.76
28.00 39.00 9.99
28.00 29.00 6.79
29.00 38.00 8.21
29.00 40.00 7.58
29.00 30.00 3.76
29.00 31.00 6.18
29.00 36.00 7.55
29.00 37.00 6.10
29.00 32.00 9.13
29.00 39.00 7.30
30.00 198.00 9.86
30.00 196.00 8.93
30.00 38.00 8.33
30.00 40.00 8.57
30.00 31.00 3.85
30.00 36.00 5.31
30.00 37.00 4.98
30.00 32.00 6.46
30.00 33.00 9.68
30.00 197.00 8.31
30.00 35.00 8.67
30.00 39.00 8.97
31.00 34.00 7.89
31.00 38.00 8.10
31.00 36.00 3.29
31.00 37.00 5.66
31.00 32.00 3.75
31.00 33.00 7.15
31.00 197.00 8.74
31.00 35.00 5.55
31.00 39.00 9.83
32.00 198.00 8.23
32.00 34.00 5.46
32.00 196.00 9.75
32.00 36.00 6.20
32.00 37.00 9.18
32.00 33.00 3.80
32.00 197.00 6.71
32.00 35.00 5.16
33.00 198.00 7.24
33.00 34.00 2.73
33.00 36.00 8.60
33.00 197.00 7.01
33.00 35.00 5.25
34.00 198.00 8.46
34.00 36.00 8.29
34.00 197.00 9.16
34.00 35.00 3.85
35.00 36.00 4.85
35.00 37.00 8.54
36.00 38.00 5.86
36.00 40.00 9.12
36.00 41.00 9.20
36.00 37.00 3.80
36.00 39.00 8.57
37.00 38.00 3.81
37.00 40.00 5.36
37.00 41.00 5.99
37.00 42.00 8.23
37.00 44.00 9.86
37.00 39.00 5.65
38.00 40.00 5.35
38.00 41.00 4.65
38.00 42.00 5.30
38.00 44.00 9.13
38.00 39.00 3.73
38.00 43.00 8.21
39.00 40.00 3.74
39.00 41.00 5.13
39.00 42.00 4.57
39.00 44.00 7.81
39.00 43.00 6.09
40.00 52.00 9.81
40.00 53.00 9.04
40.00 54.00 8.70
40.00 45.00 8.74
40.00 41.00 3.74
40.00 42.00 5.47
40.00 44.00 5.21
40.00 46.00 9.84
40.00 43.00 5.47
41.00 52.00 9.74
41.00 53.00 9.98
41.00 45.00 7.35
41.00 42.00 3.73
41.00 44.00 4.87
41.00 46.00 9.37
41.00 43.00 5.27
42.00 45.00 7.47
42.00 44.00 6.04
42.00 46.00 8.15
42.00 43.00 3.77
43.00 52.00 9.63
43.00 45.00 5.18
43.00 44.00 3.81
43.00 48.00 9.95
43.00 46.00 4.93
43.00 47.00 6.88
44.00 51.00 9.64
44.00 52.00 5.97
44.00 53.00 7.25
44.00 54.00 8.89
44.00 45.00 3.76
44.00 48.00 8.89
44.00 49.00 8.46
44.00 46.00 5.71
44.00 47.00 6.53
45.00 50.00 9.57
45.00 51.00 9.31
45.00 52.00 6.60
45.00 53.00 9.38
45.00 48.00 7.02
45.00 49.00 7.64
45.00 46.00 3.82
45.00 47.00 5.87
46.00 52.00 9.09
46.00 48.00 5.74
46.00 49.00 7.91
46.00 47.00 3.74
47.00 50.00 8.95
47.00 52.00 8.08
47.00 48.00 3.73
47.00 49.00 5.37
47.00 62.00 8.77
47.00 57.00 9.45
48.00 50.00 6.64
48.00 51.00 9.09
48.00 52.00 8.31
48.00 49.00 3.81
48.00 62.00 7.79
49.00 50.00 3.76
49.00 51.00 5.83
49.00 336.00 9.37
49.00 52.00 5.58
49.00 53.00 8.13
49.00 64.00 7.26
49.00 61.00 9.17
49.00 62.00 5.82
49.00 56.00 9.50
49.00 57.00 8.90
49.00 63.00 7.20
50.00 292.00 8.85
50.00 295.00 8.43
50.00 296.00 9.61
50.00 65.00 10.00
50.00 337.00 9.57
50.00 51.00 3.78
50.00 333.00 7.68
50.00 335.00 7.96
50.00 336.00 6.02
50.00 52.00 6.04
50.00 53.00 8.78
50.00 64.00 7.14
50.00 62.00 7.44
50.00 63.00 7.60
51.00 299.00 7.85
51.00 330.00 9.47
51.00 295.00 7.95
51.00 296.00 8.88
51.00 65.00 8.14
51.00 333.00 6.36
51.00 335.00 9.25
51.00 336.00 7.75
51.00 52.00 3.83
51.00 53.00 6.13
51.00 54.00 9.59
51.00 64.00 6.25
51.00 62.00 9.65
51.00 63.00 8.52
52.00 65.00 9.16
52.00 333.00 8.58
52.00 53.00 3.76
52.00 54.00 7.25
52.00 55.00 8.90
52.00 64.00 6.88
52.00 63.00 9.37
53.00 65.00 7.21
53.00 66.00 9.36
53.00 54.00 3.72
53.00 55.00 5.69
53.00 64.00 5.92
53.00 63.00 9.17
54.00 65.00 7.67
54.00 66.00 8.18
54.00 55.00 2.78
54.00 64.00 7.02
54.00 56.00 9.00
54.00 63.00 9.88
55.00 65.00 6.91
55.00 66.00 6.42
55.00 64.00 6.34
55.00 69.00 8.60
55.00 56.00 6.96
55.00 63.00 8.56
56.00 65.00 9.39
56.00 66.00 9.05
56.00 68.00 9.85
56.00 64.00 6.89
56.00 61.00 7.77
56.00 58.00 6.42
56.00 69.00 6.79
56.00 70.00 9.84
56.00 72.00 9.85
56.00 62.00 5.87
56.00 57.00 3.76
56.00 63.00 5.30
56.00 59.00 9.54
57.00 64.00 9.09
57.00 61.00 5.42
57.00 58.00 3.79
57.00 69.00 9.60
57.00 60.00 7.40
57.00 62.00 4.56
57.00 63.00 6.48
57.00 59.00 6.06
58.00 61.00 4.65
58.00 60.00 6.09
58.00 62.00 6.44
58.00 63.00 8.37
58.00 59.00 3.74
59.00 61.00 5.08
59.00 60.00 3.74
59.00 62.00 7.66
60.00 61.00 3.75
60.00 288.00 9.95
60.00 62.00 6.57
60.00 63.00 9.93
61.00 291.00 8.92
61.00 287.00 9.97
61.00 288.00 8.51
61.00 62.00 3.81
61.00 63.00 6.44
62.00 291.00 9.09
62.00 292.00 9.98
62.00 64.00 6.84
62.00 69.00 9.10
62.00 63.00 3.83
63.00 291.00 7.40
63.00 292.00 8.60
63.00 294.00 9.12
63.00 295.00 7.22
63.00 65.00 6.74
63.00 66.00 8.24
63.00 67.00 9.53
63.00 68.00 6.77
63.00 64.00 3.79
63.00 69.00 5.80
63.00 70.00 9.50
63.00 71.00 9.99
64.00 299.00 8.96
64.00 291.00 9.48
64.00 292.00 9.75
64.00 294.00 9.21
64.00 295.00 6.35
64.00 296.00 9.55
64.00 65.00 3.83
64.00 66.00 6.37
64.00 67.00 8.48
64.00 68.00 6.84
64.00 298.00 9.09
64.00 69.00 6.58
65.00 299.00 7.11
65.00 302.00 9.54
65.00 294.00 8.03
65.00 295.00 5.78
65.00 296.00 8.68
65.00 297.00 9.21
65.00 66.00 3.83
65.00 67.00 5.57
65.00 68.00 5.39
65.00 298.00 6.23
65.00 69.00 6.27
65.00 70.00 8.66
66.00 97.00 9.95
66.00 294.00 9.76
66.00 295.00 8.75
66.00 67.00 3.82
66.00 68.00 5.49
66.00 298.00 8.51
66.00 69.00 4.91
66.00 70.00 6.06
66.00 71.00 8.62
67.00 94.00 9.18
67.00 97.00 8.99
67.00 93.00 7.87
67.00 146.00 9.66
67.00 294.00 7.54
67.00 295.00 8.02
67.00 297.00 9.56
67.00 68.00 3.74
67.00 298.00 7.28
67.00 149.00 9.08
67.00 69.00 5.18
67.00 70.00 4.73
67.00 71.00 6.04
67.00 72.00 9.74
68.00 299.00 9.88
68.00 290.00 8.96
68.00 291.00 6.75
68.00 292.00 8.72
68.00 293.00 8.65
68.00 294.00 5.02
68.00 295.00 5.60
68.00 296.00 8.93
68.00 297.00 8.71
68.00 298.00 7.39
68.00 73.00 9.48
68.00 69.00 3.77
68.00 70.00 5.21
68.00 71.00 4.91
68.00 72.00 8.49
69.00 291.00 8.60
69.00 294.00 8.57
69.00 295.00 8.46
69.00 73.00 8.60
69.00 70.00 3.74
69.00 71.00 5.42
69.00 72.00 6.34
70.00 93.00 9.97
70.00 146.00 8.67
70.00 294.00 9.80
70.00 149.00 8.89
70.00 73.00 6.17
70.00 74.00 8.86
70.00 78.00 9.64
70.00 79.00 9.92
70.00 148.00 9.05
70.00 71.00 3.77
70.00 72.00 5.33
71.00 146.00 9.32
71.00 290.00 9.13
71.00 291.00 8.32
71.00 294.00 7.87
71.00 73.00 4.76
71.00 74.00 6.11
71.00 75.00 8.42
71.00 76.00 9.86
71.00 77.00 9.79
71.00 78.00 8.42
71.00 79.00 7.66
71.00 72.00 5.29
72.00 73.00 3.88
72.00 74.00 5.68
72.00 75.00 5.14
72.00 76.00 6.45
72.00 77.00 8.38
72.00 78.00 7.85
72.00 79.00 9.36
73.00 80.00 9.29
73.00 146.00 9.30
73.00 74.00 3.79
73.00 75.00 5.40
73.00 76.00 5.39
73.00 77.00 5.54
73.00 78.00 4.32
73.00 79.00 5.51
73.00 145.00 7.56
74.00 80.00 9.56
74.00 290.00 9.80
74.00 75.00 3.85
74.00 76.00 5.50
74.00 77.00 4.88
74.00 78.00 6.10
74.00 79.00 6.12
74.00 287.00 8.96
75.00 76.00 3.78
75.00 77.00 5.74
75.00 78.00 7.70
75.00 79.00 9.26
75.00 287.00 9.75
76.00 77.00 3.77
76.00 78.00 5.54
76.00 79.00 8.37
76.00 145.00 9.91
77.00 80.00 8.38
77.00 81.00 8.66
77.00 78.00 3.80
77.00 79.00 5.60
77.00 145.00 8.34
78.00 80.00 6.86
78.00 146.00 8.78
78.00 147.00 9.71
78.00 81.00 8.67
78.00 143.00 8.64
78.00 79.00 3.83
78.00 144.00 7.12
78.00 145.00 4.69
79.00 82.00 9.34
79.00 85.00 8.14
79.00 140.00 8.90
79.00 80.00 3.79
79.00 86.00 7.29
79.00 89.00 7.75
79.00 90.00 9.85
79.00 146.00 8.29
79.00 81.00 6.24
79.00 143.00 9.52
79.00 144.00 8.76
79.00 145.00 5.59
80.00 82.00 5.97
80.00 83.00 7.49
80.00 84.00 7.77
80.00 85.00 4.49
80.00 87.00 8.15
80.00 140.00 6.66
80.00 141.00 8.31
80.00 86.00 4.63
80.00 88.00 8.10
80.00 89.00 6.49
80.00 90.00 9.01
80.00 146.00 9.19
80.00 81.00 3.79
80.00 143.00 8.57
80.00 144.00 9.06
80.00 145.00 6.71
81.00 82.00 3.78
81.00 83.00 6.70
81.00 84.00 8.02
81.00 85.00 5.92
81.00 140.00 9.38
81.00 141.00 9.73
81.00 86.00 6.71
81.00 89.00 9.98
81.00 143.00 9.57
81.00 145.00 9.63
82.00 83.00 3.77
82.00 84.00 5.20
82.00 85.00 5.00
82.00 87.00 8.82
82.00 140.00 9.69
82.00 141.00 9.73
82.00 86.00 6.34
83.00 279.00 9.61
83.00 84.00 3.79
83.00 85.00 5.46
83.00 87.00 6.43
83.00 278.00 8.83
83.00 86.00 5.17
83.00 88.00 8.84
83.00 89.00 9.77
84.00 265.00 9.02
84.00 85.00 3.74
84.00 87.00 5.32
84.00 140.00 8.03
84.00 141.00 8.76
84.00 86.00 5.33
84.00 88.00 6.40
84.00 89.00 8.50
84.00 90.00 9.89
85.00 87.00 5.62
85.00 140.00 5.08
85.00 141.00 6.41
85.00 86.00 3.80
85.00 88.00 5.32
85.00 89.00 6.10
85.00 90.00 8.61
85.00 139.00 8.77
85.00 142.00 9.30
85.00 143.00 9.51
85.00 145.00 9.31
86.00 275.00 9.12
86.00 91.00 8.35
86.00 272.00 9.12
86.00 87.00 3.75
86.00 140.00 7.29
86.00 141.00 9.79
86.00 278.00 9.93
86.00 88.00 5.36
86.00 89.00 4.81
86.00 90.00 5.86
86.00 92.00 9.82
87.00 265.00 9.20
87.00 266.00 9.41
87.00 267.00 7.61
87.00 275.00 8.33
87.00 91.00 5.96
87.00 268.00 9.46
87.00 272.00 6.84
87.00 273.00 8.62
87.00 140.00 8.15
87.00 88.00 3.79
87.00 89.00 5.24
87.00 90.00 4.96
87.00 92.00 8.48
87.00 93.00 9.84
88.00 267.00 8.99
88.00 132.00 8.81
88.00 254.00 9.05
88.00 91.00 5.17
88.00 272.00 8.90
88.00 133.00 9.64
88.00 140.00 5.18
88.00 141.00 8.27
88.00 89.00 3.72
88.00 90.00 5.51
88.00 92.00 6.07
88.00 93.00 8.47
88.00 139.00 7.06
88.00 146.00 8.90
89.00 91.00 5.42
89.00 94.00 8.67
89.00 272.00 8.69
89.00 95.00 9.81
89.00 140.00 5.48
89.00 141.00 9.22
89.00 90.00 3.78
89.00 92.00 5.36
89.00 93.00 6.12
89.00 139.00 7.30
89.00 146.00 6.02
89.00 147.00 8.88
89.00 145.00 8.02
90.00 267.00 9.47
90.00 274.00 9.69
90.00 275.00 7.65
90.00 91.00 3.78
90.00 94.00 6.47
90.00 268.00 9.36
90.00 269.00 8.11
90.00 270.00 9.89
90.00 271.00 7.60
90.00 272.00 5.11
90.00 273.00 8.59
90.00 95.00 8.63
90.00 140.00 9.13
90.00 92.00 5.72
90.00 93.00 5.40
90.00 146.00 8.40
91.00 267.00 7.53
91.00 254.00 8.61
91.00 275.00 9.92
91.00 94.00 5.41
91.00 268.00 6.62
91.00 269.00 6.06
91.00 270.00 9.02
91.00 271.00 8.14
91.00 272.00 5.60
91.00 273.00 8.54
91.00 95.00 6.03
91.00 255.00 8.27
91.00 140.00 9.48
91.00 92.00 3.81
91.00 93.00 5.48
91.00 139.00 9.99
91.00 146.00 9.40
91.00 96.00 8.60
92.00 132.00 9.01
92.00 254.00 9.63
92.00 94.00 5.42
92.00 268.00 9.68
92.00 269.00 8.88
92.00 272.00 9.07
92.00 95.00 4.83
92.00 255.00 8.82
92.00 97.00 8.59
92.00 98.00 9.74
92.00 140.00 8.33
92.00 93.00 3.78
92.00 139.00 7.60
92.00 146.00 6.67
92.00 147.00 8.92
92.00 150.00 7.46
92.00 96.00 5.86
92.00 149.00 8.20
93.00 94.00 3.72
93.00 269.00 9.21
93.00 271.00 9.58
93.00 272.00 8.78
93.00 95.00 5.40
93.00 97.00 6.51
93.00 98.00 8.81
93.00 146.00 6.03
93.00 147.00 9.17
93.00 150.00 7.86
93.00 96.00 5.23
93.00 149.00 6.82
93.00 148.00 9.77
94.00 268.00 9.15
94.00 269.00 6.30
94.00 270.00 8.58
94.00 271.00 7.26
94.00 272.00 7.39
94.00 95.00 3.74
94.00 97.00 5.40
94.00 98.00 6.38
94.00 99.00 8.75
94.00 100.00 9.99
94.00 146.00 9.73
94.00 298.00 9.92
94.00 96.00 5.48
94.00 149.00 9.75
95.00 268.00 8.96
95.00 269.00 7.24
95.00 272.00 9.74
95.00 255.00 7.88
95.00 126.00 9.90
95.00 97.00 5.56
95.00 98.00 5.19
95.00 99.00 6.29
95.00 100.00 8.62
95.00 150.00 9.12
95.00 96.00 3.87
95.00 149.00 9.71
96.00 97.00 3.81
96.00 98.00 5.47
96.00 99.00 5.18
96.00 100.00 6.02
96.00 101.00 8.58
96.00 102.00 9.78
96.00 146.00 8.72
96.00 150.00 6.28
96.00 153.00 8.99
96.00 149.00 6.51
96.00 151.00 8.98
96.00 152.00 6.66
97.00 98.00 3.80
97.00 99.00 5.35
97.00 100.00 4.94
97.00 101.00 6.03
97.00 102.00 8.39
97.00 103.00 9.92
97.00 150.00 9.42
97.00 149.00 8.37
97.00 152.00 8.59
98.00 269.00 9.74
98.00 99.00 3.71
98.00 100.00 5.47
98.00 101.00 5.27
98.00 102.00 6.15
98.00 103.00 8.87
98.00 104.00 9.86
99.00 126.00 8.10
99.00 100.00 3.75
99.00 101.00 5.40
99.00 102.00 4.92
99.00 103.00 6.46
99.00 104.00 8.60
99.00 105.00 9.87
99.00 153.00 9.77
99.00 152.00 7.77
100.00 101.00 3.79
100.00 102.00 5.32
100.00 103.00 5.30
100.00 104.00 6.10
100.00 105.00 8.48
100.00 150.00 9.99
100.00 153.00 9.56
100.00 149.00 9.78
100.00 151.00 9.33
100.00 152.00 6.52
100.00 155.00 8.83
100.00 194.00 9.90
101.00 102.00 3.77
101.00 103.00 5.39
101.00 104.00 4.84
101.00 105.00 5.76
101.00 106.00 8.37
101.00 107.00 9.60
102.00 119.00 9.00
102.00 103.00 3.80
102.00 104.00 5.52
102.00 105.00 5.35
102.00 106.00 6.50
102.00 107.00 8.89
103.00 119.00 8.40
103.00 104.00 3.77
103.00 105.00 5.45
103.00 106.00 5.19
103.00 107.00 6.22
103.00 108.00 8.56
103.00 109.00 9.89
103.00 116.00 9.66
103.00 201.00 9.85
103.00 152.00 9.62
103.00 155.00 9.24
103.00 158.00 9.30
104.00 105.00 3.71
104.00 106.00 5.24
104.00 107.00 4.97
104.00 108.00 5.99
104.00 109.00 8.44
104.00 199.00 8.23
104.00 200.00 9.30
104.00 201.00 9.26
104.00 194.00 8.70
104.00 195.00 7.98
105.00 106.00 3.74
105.00 107.00 5.55
105.00 108.00 5.07
105.00 109.00 6.04
105.00 112.00 9.12
105.00 199.00 9.42
105.00 200.00 9.63
105.00 110.00 9.82
106.00 119.00 7.86
106.00 111.00 8.28
106.00 114.00 9.95
106.00 115.00 7.08
106.00 107.00 3.84
106.00 108.00 5.22
106.00 109.00 4.98
106.00 112.00 5.94
106.00 116.00 7.19
106.00 199.00 8.92
106.00 200.00 7.76
106.00 201.00 8.52
106.00 113.00 9.17
106.00 110.00 8.46
107.00 111.00 9.28
107.00 115.00 9.48
107.00 108.00 3.76
107.00 109.00 5.67
107.00 112.00 6.40
107.00 116.00 8.62
107.00 199.00 5.28
107.00 200.00 4.65
107.00 201.00 5.19
107.00 113.00 9.30
107.00 110.00 8.39
107.00 198.00 8.50
107.00 194.00 9.98
107.00 195.00 7.97
107.00 202.00 7.82
107.00 203.00 8.98
108.00 111.00 8.66
108.00 109.00 3.83
108.00 112.00 7.26
108.00 199.00 5.26
108.00 200.00 5.44
108.00 201.00 7.84
108.00 110.00 6.49
108.00 198.00 6.74
108.00 195.00 8.89
108.00 203.00 9.77
108.00 197.00 9.92
109.00 111.00 5.19
109.00 114.00 9.57
109.00 115.00 8.07
109.00 112.00 4.96
109.00 116.00 9.56
109.00 199.00 8.31
109.00 200.00 6.75
109.00 201.00 9.52
109.00 113.00 8.70
109.00 110.00 3.81
109.00 198.00 9.47
110.00 111.00 3.80
110.00 114.00 9.26
110.00 115.00 9.27
110.00 112.00 5.45
110.00 199.00 9.43
110.00 200.00 7.20
110.00 113.00 8.21
110.00 198.00 9.63
111.00 114.00 5.69
111.00 115.00 6.16
111.00 112.00 3.81
111.00 116.00 8.56
111.00 200.00 8.77
111.00 113.00 5.78
112.00 118.00 9.86
112.00 119.00 9.40
112.00 117.00 9.14
112.00 114.00 5.37
112.00 115.00 4.94
112.00 116.00 5.67
112.00 199.00 9.59
112.00 200.00 6.35
112.00 201.00 8.08
112.00 113.00 3.80
113.00 118.00 9.51
113.00 117.00 7.62
113.00 114.00 3.77
113.00 115.00 5.61
113.00 116.00 5.34
113.00 200.00 8.26
113.00 201.00 9.11
114.00 118.00 7.46
114.00 119.00 9.14
114.00 117.00 6.65
114.00 115.00 3.76
114.00 116.00 5.50
115.00 118.00 5.34
115.00 119.00 6.05
115.00 117.00 5.94
115.00 120.00 8.69
115.00 116.00 3.81
116.00 118.00 5.24
116.00 119.00 4.82
116.00 121.00 8.74
116.00 117.00 3.88
116.00 120.00 6.02
116.00 201.00 9.68
117.00 118.00 3.72
117.00 119.00 5.35
117.00 121.00 6.54
117.00 122.00 9.37
117.00 120.00 4.93
118.00 119.00 3.76
118.00 121.00 5.42
118.00 122.00 7.48
118.00 120.00 5.36
118.00 123.00 9.86
119.00 121.00 5.37
119.00 122.00 5.74
119.00 120.00 3.79
119.00 123.00 7.33
120.00 121.00 3.76
120.00 122.00 5.49
120.00 124.00 8.35
120.00 162.00 9.20
120.00 123.00 5.69
120.00 159.00 7.69
120.00 158.00 9.09
121.00 122.00 3.84
121.00 124.00 7.20
121.00 125.00 8.46
121.00 126.00 9.93
121.00 123.00 5.83
122.00 124.00 5.72
122.00 125.00 5.61
122.00 126.00 6.49
122.00 127.00 8.76
122.00 123.00 3.83
123.00 124.00 3.74
123.00 125.00 5.33
123.00 126.00 5.06
123.00 127.00 5.88
123.00 128.00 8.20
123.00 161.00 9.87
123.00 162.00 6.59
123.00 159.00 8.13
123.00 163.00 9.23
123.00 156.00 9.72
124.00 125.00 3.74
124.00 126.00 5.47
124.00 127.00 5.03
124.00 128.00 5.80
124.00 129.00 8.72
124.00 161.00 9.55
124.00 162.00 6.31
124.00 165.00 8.60
124.00 159.00 9.90
124.00 166.00 9.52
124.00 163.00 8.07
124.00 164.00 9.87
125.00 126.00 3.76
125.00 127.00 5.37
125.00 128.00 4.86
125.00 129.00 6.45
125.00 130.00 9.76
125.00 162.00 9.72
126.00 255.00 8.92
126.00 127.00 3.75
126.00 128.00 5.31
126.00 129.00 5.53
126.00 130.00 8.90
126.00 162.00 9.49
127.00 132.00 9.94
127.00 131.00 8.81
127.00 128.00 3.77
127.00 129.00 5.57
127.00 130.00 6.27
127.00 162.00 7.12
127.00 165.00 9.05
127.00 153.00 8.24
127.00 166.00 7.82
127.00 169.00 8.51
127.00 163.00 7.07
127.00 156.00 9.66
128.00 132.00 8.34
128.00 131.00 6.20
128.00 255.00 9.53
128.00 129.00 3.76
128.00 130.00 5.03
128.00 162.00 9.55
128.00 165.00 8.63
128.00 133.00 9.65
128.00 166.00 7.44
128.00 169.00 9.47
128.00 163.00 8.97
129.00 256.00 8.58
129.00 132.00 5.75
129.00 253.00 9.92
129.00 254.00 7.27
129.00 131.00 5.23
129.00 255.00 5.94
129.00 130.00 5.40
129.00 133.00 8.18
129.00 134.00 9.58
130.00 132.00 5.57
130.00 131.00 3.77
130.00 165.00 9.28
130.00 133.00 5.12
130.00 134.00 5.89
130.00 135.00 8.89
130.00 167.00 8.15
130.00 168.00 6.43
130.00 139.00 9.81
130.00 166.00 6.16
130.00 169.00 5.99
130.00 170.00 9.48
130.00 172.00 9.79
130.00 163.00 9.26
131.00 132.00 3.77
131.00 254.00 7.99
131.00 255.00 9.10
131.00 133.00 5.11
131.00 134.00 4.72
131.00 135.00 8.47
131.00 168.00 8.87
131.00 166.00 8.98
131.00 169.00 9.48
132.00 253.00 9.43
132.00 254.00 5.89
132.00 255.00 7.41
132.00 133.00 3.76
132.00 136.00 9.02
132.00 140.00 9.58
132.00 134.00 5.59
132.00 135.00 8.98
132.00 139.00 7.73
133.00 254.00 9.55
133.00 136.00 5.84
133.00 138.00 7.32
133.00 140.00 8.28
133.00 141.00 8.65
133.00 134.00 3.74
133.00 135.00 6.15
133.00 168.00 7.57
133.00 139.00 5.66
133.00 169.00 7.99
133.00 172.00 9.21
133.00 137.00 8.06
134.00 136.00 5.76
134.00 138.00 9.54
134.00 135.00 3.79
134.00 168.00 7.02
134.00 139.00 8.92
134.00 166.00 9.85
134.00 169.00 9.01
134.00 137.00 8.77
135.00 136.00 3.81
135.00 138.00 8.70
135.00 141.00 9.37
135.00 168.00 6.99
135.00 139.00 9.61
135.00 169.00 9.84
135.00 137.00 6.52
136.00 138.00 5.42
136.00 140.00 8.00
136.00 141.00 5.70
136.00 168.00 8.73
136.00 139.00 6.80
136.00 172.00 9.38
136.00 137.00 3.89
136.00 142.00 6.53
136.00 143.00 9.19
137.00 138.00 3.84
137.00 140.00 8.73
137.00 141.00 6.61
137.00 168.00 8.75
137.00 139.00 7.12
137.00 171.00 8.83
137.00 172.00 7.12
137.00 142.00 5.88
137.00 143.00 7.39
137.00 144.00 8.06
137.00 175.00 8.40
137.00 176.00 9.47
138.00 140.00 5.63
138.00 141.00 5.12
138.00 139.00 3.85
138.00 146.00 8.78
138.00 147.00 6.62
138.00 150.00 9.75
138.00 172.00 7.42
138.00 142.00 5.99
138.00 143.00 6.11
138.00 144.00 5.66
138.00 145.00 7.53
138.00 175.00 9.31
138.00 176.00 8.79
139.00 140.00 3.77
139.00 141.00 5.68
139.00 146.00 6.90
139.00 147.00 6.12
139.00 150.00 7.92
139.00 172.00 9.07
139.00 149.00 9.92
139.00 142.00 8.44
139.00 143.00 8.57
139.00 144.00 7.79
139.00 145.00 7.78
139.00 148.00 9.79
140.00 141.00 3.86
140.00 146.00 7.38
140.00 147.00 7.90
140.00 142.00 7.25
140.00 143.00 7.31
140.00 144.00 7.56
140.00 145.00 6.81
141.00 142.00 3.85
141.00 143.00 5.62
141.00 144.00 7.57
141.00 145.00 8.50
142.00 143.00 3.74
142.00 144.00 6.95
142.00 145.00 9.27
143.00 147.00 9.50
143.00 144.00 3.78
143.00 145.00 6.29
144.00 146.00 8.09
144.00 147.00 6.34
144.00 145.00 3.81
144.00 148.00 8.74
144.00 176.00 8.80
144.00 179.00 9.59
145.00 146.00 5.39
145.00 147.00 5.50
145.00 149.00 9.47
145.00 148.00 7.48
146.00 147.00 3.74
146.00 150.00 5.98
146.00 149.00 4.88
146.00 151.00 9.77
146.00 148.00 5.19
147.00 150.00 5.06
147.00 172.00 9.07
147.00 173.00 9.70
147.00 149.00 5.38
147.00 151.00 8.41
147.00 152.00 9.86
147.00 148.00 3.75
147.00 176.00 7.82
148.00 150.00 5.52
148.00 153.00 9.95
148.00 149.00 3.84
148.00 151.00 6.20
148.00 152.00 8.68
148.00 176.00 8.33
149.00 150.00 3.71
149.00 153.00 8.58
149.00 151.00 5.36
149.00 152.00 6.33
150.00 153.00 5.91
150.00 172.00 9.50
150.00 173.00 9.21
150.00 151.00 5.42
150.00 152.00 5.21
150.00 154.00 8.27
150.00 155.00 9.74
150.00 176.00 9.91
151.00 153.00 5.56
151.00 173.00 9.22
151.00 152.00 3.71
151.00 154.00 5.21
151.00 155.00 6.14
151.00 156.00 9.90
151.00 194.00 9.53
151.00 191.00 9.39
152.00 153.00 3.79
152.00 154.00 5.39
152.00 155.00 5.01
152.00 156.00 8.42
152.00 157.00 9.94
152.00 194.00 9.82
153.00 162.00 9.48
153.00 169.00 8.19
153.00 170.00 9.21
153.00 172.00 9.46
153.00 173.00 7.73
153.00 163.00 8.74
153.00 154.00 3.76
153.00 155.00 5.27
153.00 156.00 6.00
153.00 157.00 8.66
153.00 158.00 9.98
154.00 159.00 9.97
154.00 170.00 9.62
154.00 173.00 7.28
154.00 163.00 9.81
154.00 155.00 3.74
154.00 156.00 5.13
154.00 157.00 6.44
154.00 158.00 8.94
154.00 160.00 9.47
154.00 191.00 9.46
155.00 159.00 8.61
155.00 156.00 5.18
155.00 157.00 5.18
155.00 158.00 6.45
155.00 160.00 9.36
155.00 193.00 8.80
155.00 194.00 7.85
155.00 191.00 9.42
155.00 192.00 9.03
156.00 161.00 6.91
156.00 162.00 6.00
156.00 159.00 5.04
156.00 170.00 9.72
156.00 163.00 6.68
156.00 164.00 9.67
156.00 157.00 3.80
156.00 158.00 5.43
156.00 160.00 4.71
157.00 161.00 8.72
157.00 162.00 8.92
157.00 159.00 5.49
157.00 158.00 3.78
157.00 160.00 5.22
157.00 193.00 9.96
157.00 192.00 9.76
158.00 161.00 8.91
158.00 162.00 8.55
158.00 159.00 3.81
158.00 201.00 8.79
158.00 160.00 6.08
158.00 202.00 9.43
159.00 161.00 5.41
159.00 162.00 5.28
159.00 163.00 8.25
159.00 160.00 3.77
160.00 161.00 3.75
160.00 162.00 5.60
160.00 163.00 7.14
160.00 164.00 8.36
161.00 162.00 3.75
161.00 165.00 8.27
161.00 163.00 5.34
161.00 164.00 5.43
162.00 165.00 7.37
162.00 166.00 8.40
162.00 163.00 3.73
162.00 164.00 5.90
163.00 165.00 5.45
163.00 167.00 7.17
163.00 168.00 9.28
163.00 166.00 5.34
163.00 169.00 6.90
163.00 170.00 6.60
163.00 164.00 3.82
164.00 165.00 3.76
164.00 167.00 6.73
164.00 166.00 5.59
164.00 169.00 8.91
164.00 170.00 7.74
165.00 167.00 6.31
165.00 168.00 9.16
165.00 166.00 3.81
165.00 169.00 8.92
165.00 170.00 9.09
166.00 167.00 3.70
166.00 168.00 5.55
166.00 169.00 5.44
166.00 170.00 6.55
166.00 171.00 8.95
167.00 168.00 3.78
167.00 169.00 5.01
167.00 170.00 4.70
167.00 171.00 6.08
167.00 172.00 8.29
167.00 173.00 9.71
168.00 169.00 3.79
168.00 170.00 5.50
168.00 171.00 5.17
168.00 172.00 6.11
168.00 173.00 8.81
169.00 170.00 3.71
169.00 171.00 5.27
169.00 172.00 4.92
169.00 173.00 6.36
169.00 174.00 8.76
169.00 175.00 9.54
170.00 171.00 3.82
170.00 172.00 5.42
170.00 173.00 5.31
170.00 174.00 6.50
170.00 175.00 8.51
170.00 176.00 9.88
171.00 172.00 3.67
171.00 173.00 5.29
171.00 174.00 5.03
171.00 175.00 5.64
171.00 176.00 8.08
171.00 177.00 9.57
171.00 178.00 10.00
172.00 173.00 3.82
172.00 174.00 5.53
172.00 175.00 4.92
172.00 176.00 5.75
172.00 177.00 8.32
172.00 178.00 9.38
173.00 174.00 3.83
173.00 175.00 5.41
173.00 176.00 5.07
173.00 177.00 6.04
173.00 178.00 8.36
174.00 175.00 3.73
174.00 176.00 5.42
174.00 177.00 5.05
174.00 178.00 5.97
174.00 179.00 9.04
175.00 176.00 3.76
175.00 177.00 5.39
175.00 178.00 4.79
175.00 179.00 6.78
175.00 182.00 9.89
176.00 177.00 3.78
176.00 178.00 5.13
176.00 179.00 5.71
176.00 182.00 7.51
176.00 180.00 9.39
176.00 183.00 8.86
177.00 178.00 3.77
177.00 179.00 5.74
177.00 182.00 5.83
177.00 185.00 8.08
177.00 181.00 9.10
177.00 180.00 8.32
177.00 183.00 5.85
177.00 184.00 9.39
178.00 179.00 3.76
178.00 182.00 6.30
178.00 185.00 9.89
178.00 181.00 8.28
178.00 180.00 6.03
178.00 183.00 5.75
178.00 184.00 9.04
179.00 182.00 4.82
179.00 181.00 5.63
179.00 180.00 3.87
179.00 183.00 6.19
179.00 184.00 8.35
180.00 182.00 5.10
180.00 185.00 9.92
180.00 181.00 3.72
180.00 183.00 5.47
180.00 184.00 6.02
181.00 182.00 3.70
181.00 185.00 8.46
181.00 183.00 5.72
181.00 184.00 4.91
181.00 186.00 9.90
182.00 185.00 5.99
182.00 183.00 3.69
182.00 184.00 5.08
182.00 186.00 8.34
182.00 187.00 9.77
183.00 185.00 4.99
183.00 184.00 3.72
183.00 186.00 5.81
183.00 187.00 8.37
184.00 185.00 5.53
184.00 186.00 5.38
184.00 187.00 6.37
185.00 191.00 8.40
185.00 190.00 8.26
185.00 186.00 3.81
185.00 187.00 5.31
185.00 188.00 8.01
185.00 189.00 8.30
186.00 187.00 3.86
186.00 188.00 6.81
186.00 189.00 8.81
187.00 190.00 9.50
187.00 188.00 3.81
187.00 189.00 5.69
188.00 190.00 8.51
188.00 189.00 3.85
189.00 190.00 6.64
190.00 193.00 7.81
190.00 194.00 9.67
190.00 191.00 3.83
190.00 192.00 5.77
191.00 193.00 6.21
191.00 194.00 8.01
191.00 192.00 3.78
192.00 193.00 2.84
192.00 194.00 5.90
192.00 195.00 8.00
192.00 196.00 9.02
192.00 202.00 8.55
192.00 204.00 8.82
193.00 199.00 9.70
193.00 201.00 9.64
193.00 194.00 3.72
193.00 195.00 5.19
193.00 196.00 6.55
193.00 202.00 6.44
193.00 203.00 8.21
193.00 204.00 7.31
194.00 199.00 8.97
194.00 201.00 9.78
194.00 195.00 3.75
194.00 196.00 6.88
194.00 202.00 7.66
194.00 203.00 9.31
194.00 204.00 9.62
195.00 199.00 5.51
195.00 200.00 8.73
195.00 201.00 7.75
195.00 198.00 7.74
195.00 196.00 3.79
195.00 202.00 5.86
195.00 203.00 6.31
195.00 204.00 7.51
195.00 197.00 7.05
196.00 199.00 5.58
196.00 200.00 8.97
196.00 201.00 8.65
196.00 198.00 6.22
196.00 202.00 6.16
196.00 203.00 4.41
196.00 204.00 4.83
196.00 197.00 3.88
197.00 199.00 5.41
197.00 200.00 8.25
197.00 201.00 9.31
197.00 198.00 3.80
197.00 202.00 7.80
197.00 203.00 4.38
197.00 204.00 5.77
198.00 199.00 3.89
198.00 200.00 6.32
198.00 201.00 8.71
198.00 202.00 8.77
198.00 203.00 6.06
198.00 204.00 8.91
199.00 200.00 3.78
199.00 201.00 5.15
199.00 202.00 5.64
199.00 203.00 4.56
199.00 204.00 8.04
200.00 201.00 3.79
200.00 202.00 6.48
200.00 203.00 6.24
200.00 204.00 10.00
201.00 202.00 3.80
201.00 203.00 5.78
201.00 204.00 8.85
202.00 203.00 3.79
202.00 204.00 5.59
203.00 204.00 3.80
205.00 206.00 3.79
205.00 228.00 5.25
205.00 229.00 6.36
205.00 230.00 9.71
205.00 207.00 6.58
205.00 261.00 8.71
205.00 208.00 9.66
205.00 227.00 8.46
205.00 262.00 6.96
205.00 263.00 8.00
206.00 228.00 6.56
206.00 229.00 6.19
206.00 230.00 8.32
206.00 207.00 3.76
206.00 260.00 6.69
206.00 261.00 5.27
206.00 208.00 6.60
206.00 209.00 9.79
206.00 227.00 8.49
206.00 262.00 4.30
206.00 263.00 6.68
206.00 265.00 9.13
206.00 266.00 9.55
207.00 228.00 9.10
207.00 229.00 5.19
207.00 230.00 5.68
207.00 231.00 6.49
207.00 260.00 5.41
207.00 261.00 4.85
207.00 208.00 3.77
207.00 209.00 6.30
207.00 262.00 6.48
207.00 263.00 8.62
207.00 266.00 9.24
208.00 232.00 8.22
208.00 229.00 6.45
208.00 230.00 4.84
208.00 231.00 5.65
208.00 260.00 4.52
208.00 261.00 6.50
208.00 216.00 8.88
208.00 220.00 8.78
208.00 209.00 3.74
208.00 258.00 9.04
208.00 259.00 6.90
208.00 262.00 8.77
208.00 267.00 9.55
208.00 219.00 8.94
208.00 273.00 9.67
209.00 211.00 9.44
209.00 232.00 6.06
209.00 244.00 9.55
209.00 229.00 8.93
209.00 230.00 6.11
209.00 231.00 4.48
209.00 260.00 6.32
209.00 261.00 8.26
209.00 216.00 9.12
209.00 210.00 7.16
209.00 258.00 6.32
209.00 259.00 5.22
209.00 257.00 8.93
209.00 268.00 9.56
210.00 211.00 3.83
210.00 232.00 5.45
210.00 233.00 5.92
210.00 234.00 6.79
210.00 241.00 9.34
210.00 243.00 9.94
210.00 244.00 8.49
210.00 212.00 5.72
210.00 400.00 8.81
210.00 231.00 8.22
210.00 216.00 9.14
210.00 258.00 7.20
210.00 259.00 7.65
210.00 213.00 8.42
210.00 214.00 8.40
210.00 215.00 9.79
210.00 399.00 9.84
211.00 232.00 5.41
211.00 233.00 5.56
211.00 234.00 7.29
211.00 394.00 9.87
211.00 397.00 9.29
211.00 212.00 3.97
211.00 400.00 7.87
211.00 231.00 8.94
211.00 213.00 7.38
211.00 214.00 8.99
211.00 398.00 9.57
211.00 399.00 9.42
212.00 232.00 8.78
212.00 233.00 9.09
212.00 234.00 9.69
212.00 394.00 7.87
212.00 396.00 7.08
212.00 397.00 5.62
212.00 400.00 6.11
212.00 401.00 9.59
212.00 408.00 9.19
212.00 216.00 8.24
212.00 213.00 3.85
212.00 217.00 8.77
212.00 395.00 9.40
212.00 214.00 5.77
212.00 215.00 8.88
212.00 398.00 5.67
212.00 399.00 6.22
213.00 394.00 6.58
213.00 396.00 5.33
213.00 397.00 4.88
213.00 400.00 8.56
213.00 216.00 6.01
213.00 220.00 9.36
213.00 217.00 5.30
213.00 355.00 9.80
213.00 395.00 6.82
213.00 214.00 3.79
213.00 215.00 6.77
213.00 398.00 3.91
213.00 399.00 6.78
213.00 218.00 9.12
214.00 396.00 8.19
214.00 397.00 6.95
214.00 400.00 8.80
214.00 216.00 5.14
214.00 259.00 9.18
214.00 217.00 5.72
214.00 355.00 9.17
214.00 395.00 9.90
214.00 215.00 3.72
214.00 398.00 3.63
214.00 399.00 6.17
214.00 359.00 9.76
214.00 308.00 9.57
214.00 219.00 9.81
214.00 218.00 8.62
214.00 304.00 9.63
215.00 216.00 3.75
215.00 220.00 9.54
215.00 258.00 8.87
215.00 259.00 7.31
215.00 217.00 5.59
215.00 355.00 8.83
215.00 398.00 7.12
215.00 399.00 9.56
215.00 219.00 7.62
215.00 269.00 9.40
215.00 270.00 6.50
215.00 271.00 9.05
215.00 218.00 6.83
215.00 353.00 8.97
215.00 356.00 9.83
215.00 301.00 9.41
215.00 304.00 8.97
216.00 220.00 6.05
216.00 221.00 8.20
216.00 258.00 9.21
216.00 259.00 6.85
216.00 217.00 3.71
216.00 355.00 9.45
216.00 398.00 8.30
216.00 219.00 4.97
216.00 222.00 9.47
216.00 274.00 9.65
216.00 270.00 7.31
216.00 273.00 9.69
216.00 218.00 5.40
216.00 353.00 9.76
217.00 394.00 8.73
217.00 396.00 8.72
217.00 397.00 9.37
217.00 220.00 5.59
217.00 221.00 6.14
217.00 355.00 6.62
217.00 395.00 7.92
217.00 398.00 7.51
217.00 219.00 5.61
217.00 222.00 8.57
217.00 218.00 3.87
217.00 352.00 8.49
217.00 353.00 8.35
217.00 356.00 9.53
218.00 224.00 9.78
218.00 220.00 5.59
218.00 221.00 4.88
218.00 355.00 6.23
218.00 219.00 3.77
218.00 222.00 5.83
218.00 223.00 8.55
218.00 274.00 7.97
218.00 270.00 8.85
218.00 271.00 9.66
218.00 350.00 8.90
218.00 351.00 8.81
218.00 352.00 5.15
218.00 353.00 5.61
218.00 354.00 8.80
218.00 356.00 9.23
219.00 260.00 9.55
219.00 224.00 8.41
219.00 220.00 3.82
219.00 221.00 5.28
219.00 259.00 9.34
219.00 355.00 9.97
219.00 222.00 4.84
219.00 223.00 6.09
219.00 274.00 6.35
219.00 275.00 10.00
219.00 276.00 8.47
219.00 270.00 7.68
219.00 271.00 9.10
219.00 273.00 7.53
219.00 352.00 7.85
219.00 353.00 8.65
220.00 230.00 9.45
220.00 224.00 6.00
220.00 221.00 3.76
220.00 227.00 9.17
220.00 225.00 9.81
220.00 222.00 5.27
220.00 223.00 5.10
220.00 274.00 9.95
220.00 352.00 9.59
221.00 226.00 9.75
221.00 224.00 5.32
221.00 385.00 9.10
221.00 386.00 7.02
221.00 389.00 8.61
221.00 355.00 9.14
221.00 225.00 8.70
221.00 222.00 3.80
221.00 223.00 5.66
221.00 352.00 6.99
221.00 353.00 9.48
222.00 226.00 8.35
222.00 224.00 5.37
222.00 385.00 9.91
222.00 386.00 9.01
222.00 227.00 8.21
222.00 280.00 9.88
222.00 225.00 6.21
222.00 223.00 3.81
222.00 274.00 7.88
222.00 276.00 7.73
222.00 277.00 8.41
222.00 350.00 9.96
222.00 351.00 9.61
222.00 352.00 6.74
222.00 353.00 9.49
222.00 282.00 9.84
222.00 349.00 9.66
223.00 226.00 5.75
223.00 228.00 7.59
223.00 224.00 3.67
223.00 227.00 4.70
223.00 280.00 9.78
223.00 225.00 5.13
223.00 274.00 9.45
223.00 276.00 7.72
223.00 277.00 9.69
224.00 226.00 4.70
224.00 228.00 8.38
224.00 385.00 6.79
224.00 386.00 7.20
224.00 388.00 9.68
224.00 389.00 9.81
224.00 227.00 5.85
224.00 225.00 5.29
225.00 226.00 3.76
225.00 228.00 8.96
225.00 385.00 8.32
225.00 386.00 9.97
225.00 227.00 5.25
225.00 279.00 9.61
225.00 280.00 7.08
225.00 276.00 8.78
225.00 277.00 9.34
225.00 282.00 9.71
226.00 228.00 6.41
226.00 385.00 8.12
226.00 227.00 3.67
227.00 228.00 3.79
227.00 229.00 9.70
227.00 280.00 9.52
227.00 276.00 9.12
228.00 229.00 7.16
228.00 262.00 9.77
229.00 232.00 9.70
229.00 230.00 3.79
229.00 231.00 6.78
229.00 260.00 9.89
229.00 261.00 9.88
230.00 232.00 6.10
230.00 231.00 3.78
230.00 260.00 9.25
231.00 232.00 3.81
231.00 233.00 9.73
231.00 260.00 9.51
231.00 259.00 9.54
232.00 233.00 6.29
232.00 234.00 9.36
232.00 243.00 9.74
232.00 244.00 9.40
232.00 259.00 9.85
233.00 234.00 3.67
233.00 235.00 6.36
233.00 240.00 8.59
233.00 241.00 7.53
233.00 242.00 9.02
233.00 243.00 6.95
233.00 244.00 8.07
233.00 236.00 9.13
234.00 235.00 3.79
234.00 240.00 5.58
234.00 241.00 5.22
234.00 242.00 7.84
234.00 243.00 7.42
234.00 244.00 8.12
234.00 400.00 8.57
234.00 401.00 8.55
234.00 402.00 9.63
234.00 236.00 6.56
234.00 237.00 9.45
234.00 239.00 9.13
235.00 240.00 3.79
235.00 241.00 6.03
235.00 242.00 7.87
235.00 243.00 8.52
235.00 401.00 8.99
235.00 236.00 3.81
235.00 237.00 6.94
235.00 238.00 8.62
235.00 239.00 6.30
236.00 240.00 6.31
236.00 241.00 9.30
236.00 400.00 9.78
236.00 401.00 7.09
236.00 402.00 8.53
236.00 237.00 3.78
236.00 238.00 6.21
236.00 239.00 5.68
237.00 240.00 7.86
237.00 401.00 7.26
237.00 402.00 7.46
237.00 407.00 9.86
237.00 238.00 2.94
237.00 239.00 4.69
238.00 240.00 8.31
238.00 401.00 9.66
238.00 402.00 8.85
238.00 239.00 3.76
239.00 240.00 4.88
239.00 241.00 8.52
239.00 402.00 9.75
240.00 241.00 3.87
240.00 242.00 5.72
240.00 243.00 7.97
240.00 244.00 9.12
240.00 245.00 9.34
241.00 246.00 8.34
241.00 242.00 3.73
241.00 243.00 5.51
241.00 244.00 5.45
241.00 245.00 5.96
242.00 246.00 5.47
242.00 243.00 3.78
242.00 244.00 5.19
242.00 247.00 8.47
242.00 245.00 4.65
242.00 248.00 9.20
243.00 246.00 5.39
243.00 244.00 3.82
243.00 247.00 7.09
243.00 245.00 5.71
243.00 248.00 8.66
244.00 246.00 5.32
244.00 247.00 5.65
244.00 249.00 9.26
244.00 258.00 8.71
244.00 245.00 3.76
244.00 248.00 5.59
244.00 257.00 9.12
245.00 246.00 3.77
245.00 247.00 5.47
245.00 249.00 7.70
245.00 250.00 9.40
245.00 248.00 4.85
245.00 256.00 9.90
245.00 257.00 9.74
246.00 247.00 3.78
246.00 249.00 7.70
246.00 250.00 7.99
246.00 248.00 5.87
247.00 249.00 5.47
247.00 250.00 4.84
247.00 251.00 6.55
247.00 252.00 9.63
247.00 248.00 3.85
247.00 256.00 9.54
248.00 249.00 3.83
248.00 250.00 5.69
248.00 251.00 6.56
248.00 252.00 8.73
248.00 258.00 8.90
248.00 256.00 6.00
248.00 257.00 7.10
248.00 253.00 8.11
248.00 255.00 9.57
249.00 250.00 3.76
249.00 251.00 5.80
249.00 252.00 6.65
249.00 256.00 6.41
249.00 257.00 9.17
249.00 253.00 7.08
249.00 254.00 9.20
249.00 255.00 8.94
250.00 251.00 3.77
250.00 252.00 5.66
250.00 256.00 8.93
250.00 253.00 7.75
251.00 261.00 9.11
251.00 252.00 3.74
251.00 256.00 7.93
251.00 266.00 8.47
251.00 253.00 5.46
251.00 254.00 9.05
252.00 261.00 9.70
252.00 256.00 7.89
252.00 264.00 9.58
252.00 265.00 9.94
252.00 266.00 7.34
252.00 267.00 9.80
252.00 253.00 3.85
252.00 254.00 6.53
252.00 255.00 8.95
253.00 260.00 9.45
253.00 261.00 8.90
253.00 256.00 4.86
253.00 257.00 7.76
253.00 265.00 9.39
253.00 266.00 5.91
253.00 267.00 6.91
253.00 254.00 3.78
253.00 268.00 7.13
253.00 255.00 5.63
254.00 256.00 5.83
254.00 257.00 8.89
254.00 266.00 7.47
254.00 267.00 7.47
254.00 268.00 7.36
254.00 255.00 3.81
255.00 258.00 9.91
255.00 256.00 3.81
255.00 257.00 6.37
255.00 266.00 9.89
255.00 267.00 8.67
255.00 268.00 6.71
255.00 269.00 8.71
256.00 258.00 7.34
256.00 259.00 9.13
256.00 257.00 3.81
256.00 266.00 9.69
256.00 267.00 8.90
256.00 268.00 6.75
256.00 269.00 9.27
257.00 258.00 3.82
257.00 259.00 6.06
257.00 267.00 9.19
257.00 268.00 6.06
257.00 269.00 7.48
257.00 270.00 9.55
258.00 260.00 9.01
258.00 259.00 3.00
258.00 267.00 9.87
258.00 268.00 7.00
258.00 269.00 7.72
258.00 270.00 8.20
259.00 260.00 6.94
259.00 267.00 8.66
259.00 268.00 6.37
259.00 269.00 6.87
259.00 270.00 6.28
259.00 273.00 8.46
260.00 261.00 3.75
260.00 262.00 6.30
260.00 263.00 9.28
260.00 265.00 7.96
260.00 266.00 5.96
260.00 267.00 5.19
260.00 274.00 9.76
260.00 276.00 9.85
260.00 268.00 6.73
260.00 269.00 9.19
260.00 270.00 8.96
260.00 272.00 9.66
260.00 273.00 6.63
261.00 262.00 3.74
261.00 263.00 5.80
261.00 264.00 7.27
261.00 265.00 5.68
261.00 266.00 4.52
261.00 267.00 6.31
261.00 268.00 8.97
261.00 273.00 9.55
262.00 263.00 3.69
262.00 264.00 6.26
262.00 265.00 4.94
262.00 266.00 6.40
262.00 267.00 8.30
263.00 264.00 3.78
263.00 265.00 5.10
263.00 266.00 7.31
264.00 265.00 3.79
264.00 266.00 6.26
264.00 267.00 9.77
265.00 266.00 3.86
265.00 267.00 6.50
266.00 267.00 3.84
266.00 268.00 7.04
266.00 273.00 9.30
267.00 274.00 9.75
267.00 268.00 3.81
267.00 269.00 6.90
267.00 270.00 8.53
267.00 271.00 9.90
267.00 272.00 7.00
267.00 273.00 6.00
268.00 274.00 9.94
268.00 269.00 3.87
268.00 270.00 6.36
268.00 271.00 8.43
268.00 272.00 6.61
268.00 273.00 6.42
269.00 274.00 8.42
269.00 275.00 9.79
269.00 270.00 3.69
269.00 271.00 5.31
269.00 272.00 4.98
269.00 273.00 6.02
270.00 274.00 6.09
270.00 275.00 8.63
270.00 271.00 3.79
270.00 272.00 5.34
270.00 273.00 4.93
270.00 301.00 9.95
271.00 274.00 4.89
271.00 275.00 6.14
271.00 276.00 9.85
271.00 272.00 3.76
271.00 273.00 5.35
271.00 350.00 9.62
271.00 353.00 9.15
271.00 301.00 8.94
271.00 297.00 7.65
271.00 298.00 9.02
272.00 274.00 5.22
272.00 275.00 5.08
272.00 276.00 8.57
272.00 277.00 9.61
272.00 273.00 3.75
273.00 274.00 3.80
273.00 275.00 5.59
273.00 276.00 6.36
273.00 277.00 8.61
274.00 279.00 9.85
274.00 275.00 3.76
274.00 276.00 5.24
274.00 277.00 6.04
274.00 350.00 8.63
274.00 352.00 9.10
274.00 353.00 9.07
274.00 278.00 8.68
274.00 282.00 9.71
274.00 297.00 9.81
275.00 279.00 8.41
275.00 280.00 9.81
275.00 276.00 5.40
275.00 277.00 4.83
275.00 350.00 9.25
275.00 278.00 6.11
275.00 281.00 9.70
275.00 282.00 8.48
275.00 283.00 7.72
275.00 297.00 9.94
276.00 279.00 4.98
276.00 280.00 6.21
276.00 277.00 3.78
276.00 278.00 5.51
276.00 281.00 8.18
276.00 282.00 7.99
276.00 283.00 9.49
277.00 279.00 5.38
277.00 280.00 5.28
277.00 350.00 9.29
277.00 278.00 3.78
277.00 281.00 5.45
277.00 282.00 4.47
277.00 283.00 5.76
277.00 284.00 9.47
277.00 349.00 7.62
278.00 279.00 3.77
278.00 280.00 5.38
278.00 281.00 4.79
278.00 282.00 6.13
278.00 283.00 6.33
278.00 284.00 9.79
279.00 280.00 3.75
279.00 281.00 5.74
279.00 282.00 7.89
279.00 283.00 9.48
280.00 281.00 3.80
280.00 282.00 5.75
280.00 283.00 8.60
280.00 349.00 9.98
281.00 282.00 3.75
281.00 283.00 5.74
281.00 284.00 8.57
281.00 285.00 8.87
281.00 349.00 8.40
282.00 350.00 8.83
282.00 351.00 9.91
282.00 283.00 3.80
282.00 284.00 6.74
282.00 285.00 8.44
282.00 349.00 4.72
282.00 347.00 8.64
282.00 348.00 7.25
283.00 350.00 8.42
283.00 284.00 3.74
283.00 285.00 6.25
283.00 349.00 5.75
283.00 347.00 9.42
283.00 348.00 8.80
283.00 289.00 8.18
283.00 290.00 7.14
283.00 293.00 7.89
283.00 294.00 9.88
283.00 344.00 8.93
283.00 286.00 9.06
284.00 350.00 9.38
284.00 285.00 3.82
284.00 349.00 6.86
284.00 345.00 8.50
284.00 347.00 8.32
284.00 348.00 8.94
284.00 289.00 4.66
284.00 290.00 4.56
284.00 291.00 8.00
284.00 292.00 8.20
284.00 293.00 6.78
284.00 294.00 9.15
284.00 344.00 6.74
284.00 286.00 5.67
284.00 287.00 7.26
284.00 288.00 7.89
285.00 349.00 9.58
285.00 345.00 9.71
285.00 347.00 8.95
285.00 289.00 6.32
285.00 290.00 6.89
285.00 344.00 9.30
285.00 286.00 3.82
285.00 287.00 6.96
285.00 288.00 8.33
286.00 345.00 9.59
286.00 289.00 5.02
286.00 290.00 6.06
286.00 291.00 8.49
286.00 292.00 9.79
286.00 344.00 9.35
286.00 287.00 3.79
286.00 288.00 5.22
287.00 289.00 5.31
287.00 290.00 4.85
287.00 291.00 6.02
287.00 292.00 8.50
287.00 293.00 9.74
287.00 288.00 3.72
288.00 345.00 8.70
288.00 289.00 3.80
288.00 290.00 5.51
288.00 291.00 5.28
288.00 292.00 6.35
288.00 293.00 8.73
288.00 344.00 7.94
289.00 349.00 9.36
289.00 343.00 8.62
289.00 345.00 6.42
289.00 346.00 9.34
289.00 347.00 9.19
289.00 290.00 3.80
289.00 291.00 5.28
289.00 292.00 5.04
289.00 293.00 6.05
289.00 294.00 8.48
289.00 295.00 9.94
289.00 344.00 4.86
290.00 345.00 9.90
290.00 291.00 3.70
290.00 292.00 5.52
290.00 293.00 5.23
290.00 294.00 6.11
290.00 295.00 8.67
290.00 296.00 9.81
290.00 344.00 7.38
291.00 292.00 3.76
291.00 293.00 5.39
291.00 294.00 5.09
291.00 295.00 6.22
291.00 296.00 8.44
291.00 297.00 9.81
291.00 344.00 8.09
292.00 350.00 9.03
292.00 343.00 7.23
292.00 345.00 8.27
292.00 293.00 3.75
292.00 294.00 5.47
292.00 295.00 5.29
292.00 296.00 6.04
292.00 297.00 8.47
292.00 344.00 5.28
292.00 298.00 9.97
292.00 337.00 9.70
292.00 336.00 9.10
293.00 350.00 5.87
293.00 351.00 8.61
293.00 354.00 9.97
293.00 299.00 9.55
293.00 349.00 8.03
293.00 343.00 7.16
293.00 345.00 9.16
293.00 294.00 3.84
293.00 295.00 5.51
293.00 296.00 4.95
293.00 297.00 5.87
293.00 344.00 5.47
293.00 298.00 8.43
294.00 350.00 8.32
294.00 299.00 8.40
294.00 295.00 3.77
294.00 296.00 5.34
294.00 297.00 5.13
294.00 344.00 9.15
294.00 298.00 6.18
295.00 300.00 8.65
295.00 350.00 9.52
295.00 299.00 5.90
295.00 296.00 3.76
295.00 297.00 5.54
295.00 344.00 9.70
295.00 298.00 5.21
296.00 300.00 6.05
296.00 350.00 6.57
296.00 351.00 8.77
296.00 353.00 8.25
296.00 354.00 7.45
296.00 299.00 4.84
296.00 301.00 8.57
296.00 302.00 9.76
296.00 343.00 7.75
296.00 297.00 3.73
296.00 344.00 8.40
296.00 298.00 5.25
296.00 336.00 9.42
297.00 300.00 5.57
297.00 350.00 5.94
297.00 351.00 9.08
297.00 352.00 9.65
297.00 353.00 6.97
297.00 354.00 8.00
297.00 299.00 5.51
297.00 301.00 6.69
297.00 302.00 9.04
297.00 298.00 3.74
298.00 300.00 5.63
298.00 350.00 9.64
298.00 353.00 9.81
298.00 299.00 3.76
298.00 301.00 5.47
298.00 302.00 6.55
298.00 303.00 9.00
299.00 300.00 3.83
299.00 353.00 9.61
299.00 354.00 9.03
299.00 356.00 9.90
299.00 301.00 5.41
299.00 302.00 5.14
299.00 303.00 6.38
299.00 304.00 8.48
299.00 305.00 9.83
299.00 333.00 9.88
300.00 355.00 8.78
300.00 350.00 8.81
300.00 353.00 6.53
300.00 354.00 6.43
300.00 356.00 6.38
300.00 301.00 3.75
300.00 357.00 9.00
300.00 302.00 5.42
300.00 303.00 5.21
300.00 304.00 5.79
300.00 305.00 8.27
300.00 306.00 9.76
301.00 307.00 9.92
301.00 353.00 8.45
301.00 354.00 9.63
301.00 356.00 8.52
301.00 302.00 3.82
301.00 303.00 5.44
301.00 304.00 4.86
301.00 305.00 5.80
301.00 306.00 8.38
302.00 307.00 8.90
302.00 308.00 9.92
302.00 303.00 3.75
302.00 304.00 5.49
302.00 305.00 5.15
302.00 306.00 6.21
303.00 307.00 6.44
303.00 308.00 8.56
303.00 309.00 9.80
303.00 356.00 7.65
303.00 330.00 7.71
303.00 331.00 9.93
303.00 357.00 9.75
303.00 304.00 3.79
303.00 305.00 5.29
303.00 306.00 4.97
303.00 327.00 9.56
304.00 355.00 9.18
304.00 359.00 8.44
304.00 307.00 5.41
304.00 308.00 6.11
304.00 309.00 8.47
304.00 353.00 9.62
304.00 356.00 6.43
304.00 357.00 9.55
304.00 305.00 3.75
304.00 306.00 5.42
305.00 307.00 5.48
305.00 308.00 5.02
305.00 309.00 5.88
305.00 310.00 8.54
305.00 311.00 10.00
305.00 306.00 3.76
306.00 307.00 3.79
306.00 308.00 5.51
306.00 309.00 5.21
306.00 310.00 6.53
306.00 311.00 8.98
306.00 323.00 9.39
307.00 359.00 8.92
307.00 362.00 9.19
307.00 308.00 3.74
307.00 309.00 5.34
307.00 310.00 5.17
307.00 311.00 6.27
307.00 312.00 8.66
307.00 313.00 9.83
307.00 320.00 9.99
307.00 323.00 8.76
307.00 324.00 9.88
307.00 356.00 9.67
307.00 327.00 9.84
308.00 403.00 8.82
308.00 404.00 9.65
308.00 405.00 9.73
308.00 398.00 8.87
308.00 399.00 7.96
308.00 309.00 3.75
308.00 310.00 5.24
308.00 311.00 5.24
308.00 312.00 6.29
308.00 313.00 8.55
309.00 403.00 9.89
309.00 404.00 9.94
309.00 314.00 9.99
309.00 310.00 3.72
309.00 311.00 5.80
309.00 312.00 5.48
309.00 316.00 9.69
309.00 313.00 6.29
310.00 403.00 9.10
310.00 404.00 7.84
310.00 405.00 8.70
310.00 314.00 8.39
310.00 317.00 9.60
310.00 315.00 8.47
310.00 311.00 3.75
310.00 312.00 5.12
310.00 316.00 6.43
310.00 313.00 4.85
310.00 319.00 7.77
310.00 320.00 7.51
310.00 323.00 8.20
311.00 402.00 8.87
311.00 407.00 9.20
311.00 403.00 5.72
311.00 404.00 4.80
311.00 405.00 5.32
311.00 406.00 7.96
311.00 314.00 8.08
311.00 317.00 9.47
311.00 315.00 9.19
311.00 399.00 8.13
311.00 312.00 3.78
311.00 316.00 6.56
311.00 313.00 5.51
311.00 319.00 9.78
311.00 320.00 8.36
312.00 400.00 9.86
312.00 401.00 9.82
312.00 402.00 6.77
312.00 407.00 9.39
312.00 403.00 5.15
312.00 404.00 5.24
312.00 405.00 7.71
312.00 406.00 9.68
312.00 314.00 6.06
312.00 315.00 8.42
312.00 399.00 8.83
312.00 316.00 7.34
312.00 313.00 3.73
313.00 402.00 9.64
313.00 403.00 8.12
313.00 404.00 6.49
313.00 405.00 9.29
313.00 314.00 3.78
313.00 317.00 8.86
313.00 315.00 5.08
313.00 316.00 5.03
313.00 318.00 9.58
313.00 319.00 8.54
313.00 320.00 9.30
314.00 402.00 9.46
314.00 403.00 8.62
314.00 404.00 6.51
314.00 317.00 8.49
314.00 315.00 3.81
314.00 316.00 5.40
314.00 318.00 9.46
314.00 319.00 9.91
315.00 404.00 8.41
315.00 317.00 6.10
315.00 316.00 3.78
315.00 318.00 5.93
315.00 319.00 6.86
315.00 320.00 8.57
316.00 403.00 9.66
316.00 404.00 6.27
316.00 405.00 7.97
316.00 317.00 3.84
316.00 318.00 5.38
316.00 319.00 5.39
316.00 320.00 5.46
316.00 321.00 8.92
316.00 323.00 9.59
317.00 404.00 8.48
317.00 405.00 9.12
317.00 318.00 3.78
317.00 319.00 5.57
317.00 320.00 4.84
317.00 321.00 7.21
317.00 322.00 9.63
317.00 323.00 9.92
318.00 319.00 3.76
318.00 320.00 5.60
318.00 321.00 6.77
318.00 322.00 7.91
318.00 323.00 9.21
319.00 320.00 3.79
319.00 321.00 5.32
319.00 322.00 5.40
319.00 323.00 5.79
319.00 324.00 8.49
319.00 325.00 9.75
320.00 404.00 9.80
320.00 405.00 9.33
320.00 321.00 3.80
320.00 322.00 5.99
320.00 323.00 5.29
320.00 324.00 6.42
320.00 325.00 8.93
321.00 322.00 3.73
321.00 323.00 5.08
321.00 324.00 5.13
321.00 325.00 6.51
321.00 326.00 9.35
322.00 323.00 3.82
322.00 324.00 5.50
322.00 327.00 9.82
322.00 325.00 4.92
322.00 326.00 7.38
323.00 324.00 3.77
323.00 327.00 7.33
323.00 325.00 4.96
323.00 326.00 5.61
324.00 362.00 9.31
324.00 363.00 7.78
324.00 366.00 9.17
324.00 327.00 5.48
324.00 328.00 8.07
324.00 325.00 3.75
324.00 326.00 5.33
325.00 330.00 9.87
325.00 327.00 5.91
325.00 328.00 7.32
325.00 329.00 8.63
325.00 326.00 3.81
326.00 330.00 6.48
326.00 331.00 8.95
326.00 327.00 3.78
326.00 328.00 5.80
326.00 329.00 5.82
327.00 360.00 9.83
327.00 363.00 8.49
327.00 366.00 6.95
327.00 367.00 9.70
327.00 330.00 4.78
327.00 331.00 6.01
327.00 328.00 3.75
327.00 329.00 5.31
327.00 332.00 8.36
327.00 333.00 9.70
328.00 365.00 9.56
328.00 366.00 6.39
328.00 367.00 8.32
328.00 370.00 9.55
328.00 330.00 5.30
328.00 331.00 4.98
328.00 369.00 8.62
328.00 329.00 3.73
328.00 332.00 5.85
328.00 333.00 8.40
329.00 366.00 9.79
329.00 330.00 3.74
329.00 331.00 5.27
329.00 334.00 9.53
329.00 332.00 4.91
329.00 333.00 6.09
330.00 366.00 9.43
330.00 331.00 3.79
330.00 334.00 8.95
330.00 357.00 9.91
330.00 332.00 5.63
330.00 333.00 5.33
331.00 360.00 9.72
331.00 366.00 7.17
331.00 367.00 7.33
331.00 370.00 7.82
331.00 373.00 8.53
331.00 334.00 6.17
331.00 357.00 8.02
331.00 369.00 9.03
331.00 332.00 3.75
331.00 333.00 5.17
331.00 335.00 8.84
331.00 336.00 9.96
332.00 366.00 9.50
332.00 367.00 9.07
332.00 370.00 7.30
332.00 373.00 9.33
332.00 334.00 4.78
332.00 369.00 8.50
332.00 333.00 3.81
332.00 335.00 6.17
332.00 336.00 8.41
333.00 334.00 5.33
333.00 337.00 8.78
333.00 338.00 10.00
333.00 335.00 5.62
333.00 336.00 6.24
334.00 367.00 9.47
334.00 370.00 6.35
334.00 371.00 8.49
334.00 372.00 6.63
334.00 373.00 6.16
334.00 374.00 9.77
334.00 369.00 9.43
334.00 337.00 5.55
334.00 338.00 6.04
334.00 339.00 9.14
334.00 335.00 3.80
334.00 336.00 5.38
335.00 370.00 9.18
335.00 372.00 9.03
335.00 373.00 9.63
335.00 337.00 5.67
335.00 338.00 4.97
335.00 339.00 8.72
335.00 336.00 3.77
336.00 340.00 8.80
336.00 343.00 7.83
336.00 344.00 9.73
336.00 337.00 3.77
336.00 338.00 5.33
336.00 339.00 8.73
337.00 376.00 9.10
337.00 372.00 7.77
337.00 373.00 8.09
337.00 340.00 5.51
337.00 341.00 7.66
337.00 342.00 7.08
337.00 343.00 5.54
337.00 345.00 8.33
337.00 344.00 8.19
337.00 338.00 3.76
337.00 339.00 6.02
338.00 372.00 7.08
338.00 373.00 8.97
338.00 340.00 5.69
338.00 341.00 8.58
338.00 342.00 9.49
338.00 343.00 8.95
338.00 339.00 3.78
339.00 376.00 9.98
339.00 372.00 7.23
339.00 373.00 9.91
339.00 340.00 3.73
339.00 341.00 6.38
339.00 342.00 8.62
339.00 343.00 9.59
339.00 345.00 9.30
339.00 346.00 9.77
340.00 376.00 9.15
340.00 372.00 8.88
340.00 341.00 3.80
340.00 342.00 5.31
340.00 343.00 6.73
340.00 345.00 5.77
340.00 346.00 6.29
340.00 347.00 9.20
340.00 344.00 8.08
341.00 376.00 6.78
341.00 379.00 7.89
341.00 380.00 9.43
341.00 351.00 9.97
341.00 372.00 8.81
341.00 373.00 9.86
341.00 375.00 8.49
341.00 342.00 3.78
341.00 343.00 7.01
341.00 345.00 6.82
341.00 346.00 5.89
341.00 347.00 7.78
341.00 348.00 8.07
341.00 344.00 8.86
342.00 376.00 7.40
342.00 379.00 8.86
342.00 380.00 8.83
342.00 350.00 8.94
342.00 351.00 6.66
342.00 354.00 9.60
342.00 349.00 7.64
342.00 343.00 3.82
342.00 345.00 5.13
342.00 346.00 5.66
342.00 347.00 6.15
342.00 348.00 5.52
342.00 344.00 5.74
343.00 376.00 9.07
343.00 350.00 6.98
343.00 351.00 5.98
343.00 352.00 9.64
343.00 354.00 7.72
343.00 349.00 7.77
343.00 345.00 5.56
343.00 346.00 8.04
343.00 347.00 8.35
343.00 348.00 7.49
343.00 344.00 3.87
344.00 350.00 7.56
344.00 351.00 7.94
344.00 349.00 6.89
344.00 345.00 3.75
344.00 346.00 6.98
344.00 347.00 6.96
344.00 348.00 7.26
345.00 349.00 8.62
345.00 346.00 3.70
345.00 347.00 5.43
345.00 348.00 7.31
346.00 349.00 9.28
346.00 347.00 3.75
346.00 348.00 6.64
347.00 351.00 9.63
347.00 349.00 6.28
347.00 348.00 3.70
348.00 383.00 9.88
348.00 380.00 8.88
348.00 350.00 8.15
348.00 351.00 6.51
348.00 352.00 8.90
348.00 349.00 3.78
349.00 350.00 5.47
349.00 351.00 5.61
349.00 352.00 7.42
349.00 353.00 9.66
350.00 355.00 9.68
350.00 351.00 3.74
350.00 352.00 5.04
350.00 353.00 5.00
350.00 354.00 5.94
351.00 355.00 8.36
351.00 376.00 9.10
351.00 377.00 9.70
351.00 380.00 7.82
351.00 352.00 3.72
351.00 353.00 5.44
351.00 354.00 4.87
351.00 356.00 9.76
352.00 355.00 6.27
352.00 380.00 8.24
352.00 353.00 3.83
352.00 354.00 5.51
352.00 356.00 8.74
353.00 355.00 5.10
353.00 358.00 9.87
353.00 354.00 3.82
353.00 356.00 6.16
353.00 357.00 8.61
354.00 355.00 5.48
354.00 358.00 8.42
354.00 359.00 9.82
354.00 376.00 9.44
354.00 377.00 9.20
354.00 380.00 9.93
354.00 356.00 5.27
354.00 373.00 9.93
354.00 357.00 6.12
355.00 395.00 9.69
355.00 398.00 9.45
355.00 358.00 5.22
355.00 359.00 6.08
355.00 360.00 9.94
355.00 377.00 9.29
355.00 356.00 3.76
355.00 357.00 5.63
356.00 358.00 5.40
356.00 359.00 4.98
356.00 360.00 8.54
356.00 361.00 9.74
356.00 357.00 3.83
357.00 358.00 3.75
357.00 359.00 5.31
357.00 360.00 6.05
357.00 361.00 8.40
357.00 362.00 9.71
357.00 366.00 9.10
357.00 376.00 9.61
357.00 377.00 7.90
357.00 367.00 8.47
357.00 373.00 8.03
357.00 374.00 9.03
358.00 395.00 9.41
358.00 359.00 3.76
358.00 360.00 5.07
358.00 361.00 5.93
358.00 362.00 8.41
358.00 363.00 9.68
358.00 364.00 9.44
358.00 377.00 7.64
358.00 367.00 9.56
358.00 374.00 9.60
359.00 396.00 8.91
359.00 397.00 9.14
359.00 395.00 9.70
359.00 398.00 7.90
359.00 360.00 5.39
359.00 361.00 5.06
359.00 362.00 6.12
359.00 363.00 8.53
359.00 364.00 9.61
360.00 361.00 3.75
360.00 362.00 5.19
360.00 363.00 4.86
360.00 364.00 4.70
360.00 365.00 6.86
360.00 368.00 9.52
360.00 366.00 5.74
360.00 367.00 6.56
360.00 374.00 9.87
361.00 396.00 9.30
361.00 397.00 9.95
361.00 362.00 3.74
361.00 363.00 5.62
361.00 364.00 5.59
361.00 365.00 9.07
361.00 366.00 8.94
362.00 405.00 8.80
362.00 406.00 9.86
362.00 363.00 3.85
362.00 364.00 6.18
362.00 365.00 9.12
362.00 366.00 8.54
363.00 364.00 3.73
363.00 365.00 5.59
363.00 366.00 5.41
363.00 367.00 8.38
364.00 365.00 3.84
364.00 368.00 8.30
364.00 366.00 5.61
364.00 367.00 7.15
365.00 368.00 5.31
365.00 366.00 3.79
365.00 367.00 5.29
365.00 370.00 9.87
365.00 369.00 7.97
366.00 368.00 5.92
366.00 367.00 3.74
366.00 370.00 8.24
366.00 369.00 7.20
367.00 368.00 3.77
367.00 370.00 5.27
367.00 371.00 7.18
367.00 372.00 9.14
367.00 373.00 6.86
367.00 374.00 6.70
367.00 369.00 5.41
368.00 370.00 5.56
368.00 371.00 6.67
368.00 372.00 9.88
368.00 373.00 8.91
368.00 374.00 7.96
368.00 369.00 3.78
369.00 370.00 3.84
369.00 371.00 6.33
369.00 372.00 9.10
369.00 373.00 8.96
369.00 374.00 9.39
370.00 371.00 3.75
370.00 372.00 5.46
370.00 373.00 5.42
370.00 374.00 6.76
370.00 375.00 8.88
371.00 376.00 8.59
371.00 377.00 9.91
371.00 372.00 3.80
371.00 373.00 5.26
371.00 374.00 5.10
371.00 375.00 6.13
372.00 376.00 6.27
372.00 377.00 8.85
372.00 378.00 9.94
372.00 373.00 3.78
372.00 374.00 5.52
372.00 375.00 5.01
373.00 376.00 5.07
373.00 377.00 6.41
373.00 378.00 8.74
373.00 379.00 9.65
373.00 374.00 3.76
373.00 375.00 5.28
374.00 376.00 5.29
374.00 377.00 5.05
374.00 378.00 6.29
374.00 379.00 8.49
374.00 380.00 9.98
374.00 375.00 3.77
375.00 381.00 9.72
375.00 376.00 3.72
375.00 377.00 5.48
375.00 378.00 5.15
375.00 379.00 6.01
375.00 380.00 8.63
376.00 381.00 8.27
376.00 377.00 3.85
376.00 378.00 5.30
376.00 379.00 4.77
376.00 380.00 6.06
376.00 382.00 9.36
377.00 381.00 6.00
377.00 378.00 3.77
377.00 379.00 5.43
377.00 380.00 5.35
377.00 382.00 8.40
378.00 381.00 4.94
378.00 383.00 8.95
378.00 379.00 3.81
378.00 380.00 5.54
378.00 382.00 5.91
379.00 381.00 5.35
379.00 383.00 6.71
379.00 380.00 3.74
379.00 382.00 4.86
380.00 384.00 9.02
380.00 386.00 7.58
380.00 387.00 8.93
380.00 381.00 3.77
380.00 383.00 5.44
380.00 382.00 5.17
381.00 384.00 8.00
381.00 385.00 8.96
381.00 386.00 5.92
381.00 387.00 5.85
381.00 388.00 9.56
381.00 389.00 8.19
381.00 383.00 5.65
381.00 382.00 3.81
382.00 384.00 5.87
382.00 385.00 8.37
382.00 386.00 6.89
382.00 387.00 6.28
382.00 388.00 9.82
382.00 383.00 3.84
383.00 384.00 3.83
383.00 385.00 5.86
383.00 386.00 5.51
383.00 387.00 6.84
383.00 388.00 9.57
384.00 385.00 3.80
384.00 386.00 5.53
384.00 387.00 5.95
384.00 388.00 7.40
385.00 386.00 3.86
385.00 387.00 5.83
385.00 388.00 5.91
385.00 389.00 8.59
386.00 390.00 8.47
386.00 391.00 9.72
386.00 387.00 3.84
386.00 388.00 5.56
386.00 389.00 5.74
387.00 390.00 6.19
387.00 391.00 8.65
387.00 388.00 3.81
387.00 389.00 5.00
388.00 390.00 4.99
388.00 391.00 6.10
388.00 392.00 9.87
388.00 389.00 5.16
389.00 390.00 3.77
389.00 391.00 5.35
389.00 392.00 8.49
389.00 393.00 8.77
389.00 394.00 8.00
389.00 395.00 7.27
390.00 391.00 3.83
390.00 392.00 6.84
390.00 393.00 8.73
390.00 394.00 9.18
390.00 395.00 9.16
391.00 392.00 3.80
391.00 393.00 5.32
391.00 394.00 8.22
391.00 395.00 9.70
392.00 393.00 3.84
392.00 394.00 7.68
393.00 394.00 6.53
393.00 395.00 9.72
394.00 396.00 5.10
394.00 397.00 7.16
394.00 395.00 3.81
394.00 398.00 9.27
395.00 396.00 3.86
395.00 397.00 6.62
395.00 398.00 8.34
396.00 397.00 2.87
396.00 400.00 9.45
396.00 408.00 9.58
396.00 406.00 9.46
396.00 398.00 5.61
396.00 399.00 7.81
397.00 400.00 6.71
397.00 401.00 9.92
397.00 407.00 8.90
397.00 408.00 7.62
397.00 403.00 9.98
397.00 406.00 7.36
397.00 398.00 3.83
397.00 399.00 5.03
398.00 400.00 7.09
398.00 403.00 9.76
398.00 406.00 8.96
398.00 399.00 3.88
399.00 400.00 3.88
399.00 401.00 7.16
399.00 402.00 7.64
399.00 407.00 6.95
399.00 408.00 7.74
399.00 403.00 6.04
399.00 404.00 9.04
399.00 405.00 8.21
399.00 406.00 6.54
400.00 401.00 3.82
400.00 402.00 5.66
400.00 407.00 5.14
400.00 408.00 5.42
400.00 403.00 5.71
400.00 404.00 9.29
400.00 405.00 9.29
400.00 406.00 6.83
401.00 402.00 3.83
401.00 407.00 3.71
401.00 408.00 5.09
401.00 403.00 5.17
401.00 404.00 8.29
401.00 405.00 9.30
401.00 406.00 7.21
402.00 407.00 5.73
402.00 408.00 8.52
402.00 403.00 3.80
402.00 404.00 6.85
402.00 405.00 9.14
402.00 406.00 8.55
403.00 407.00 4.29
403.00 408.00 7.75
403.00 404.00 3.80
403.00 405.00 5.44
403.00 406.00 5.51
404.00 407.00 6.18
404.00 408.00 9.87
404.00 405.00 3.79
404.00 406.00 6.13
405.00 407.00 6.17
405.00 408.00 8.93
405.00 406.00 3.78
406.00 407.00 3.84
406.00 408.00 5.40
407.00 408.00 3.83
