50.23 23.19 9.19
46.60 22.84 9.96
44.60 25.72 11.47
41.53 25.35 13.69
38.97 28.14 14.11
34.97 30.38 19.88
36.86 30.82 23.19
34.53 28.01 24.40
34.89 24.18 24.58
31.59 23.25 22.91
31.82 21.49 19.57
35.65 21.81 19.61
36.22 19.52 22.48
36.03 16.30 20.49
38.15 17.93 17.84
41.07 19.01 19.97
40.97 15.56 21.52
41.30 13.84 18.25
43.84 16.37 17.01
46.01 15.50 19.86
46.56 11.60 16.26
49.52 13.90 17.02
48.18 16.48 14.62
50.20 19.55 14.14
47.56 26.07 15.18
44.48 27.83 16.57
42.55 30.94 15.54
40.40 31.69 18.50
36.03 36.36 20.76
32.38 36.25 21.67
31.29 39.76 22.81
29.62 40.00 26.16
26.25 40.53 27.82
24.50 41.88 26.21
26.42 42.42 22.92
29.81 40.58 19.98
31.47 38.46 17.30
32.77 41.18 14.97
36.07 39.60 14.22
34.43 36.36 13.35
32.01 38.38 11.33
34.63 40.69 10.03
36.36 37.75 8.43
33.79 34.94 8.38
33.49 35.59 4.70
37.21 35.94 3.92
38.47 32.48 4.55
37.40 30.79 1.40
35.32 28.29 3.37
32.35 26.51 1.88
29.74 27.07 4.56
31.20 29.78 6.83
31.16 28.48 10.36
32.81 27.82 13.62
34.48 25.62 13.99
39.79 23.32 10.12
42.17 24.25 7.36
44.56 21.56 6.20
46.30 22.86 3.16
43.90 22.88 0.30
41.43 21.49 2.76
38.79 23.71 4.35
36.21 21.87 6.50
33.16 23.33 8.23
30.63 21.29 10.24
32.17 19.66 13.34
31.22 16.13 12.25
32.77 16.54 8.88
35.84 17.83 10.64
35.72 14.78 12.80
35.39 12.48 9.83
40.49 13.52 10.76
39.15 9.90 11.18
39.77 8.86 7.60
43.28 10.43 7.75
44.27 8.30 10.71
42.06 5.32 10.06
39.77 6.03 13.00
36.57 5.03 11.14
34.57 1.82 11.45
36.11 -0.93 9.35
33.32 -3.45 8.94
29.83 -2.64 7.75
28.70 -3.25 11.31
31.25 -0.92 12.73
30.07 1.81 10.36
26.43 1.56 11.24
27.26 1.82 14.93
29.43 4.73 14.14
26.86 6.45 11.96
24.17 5.95 14.57
26.14 7.16 17.60
27.35 10.25 15.77
23.88 11.34 14.98
22.61 10.37 18.36
25.41 12.39 20.13
24.55 15.58 18.25
20.85 15.20 19.05
21.61 14.85 22.66
24.09 17.67 22.70
21.59 20.01 21.08
19.00 18.91 23.59
21.22 20.06 26.45
22.34 23.18 24.66
18.88 24.25 23.88
18.03 24.01 27.51
21.18 25.88 28.66
20.21 28.56 26.20
16.52 28.74 27.16
15.36 31.92 28.91
13.00 29.68 30.86
15.87 27.39 31.89
15.16 27.20 35.62
11.68 25.93 34.93
12.63 23.65 32.08
15.55 22.12 33.99
13.69 19.77 36.45
11.70 18.60 33.53
14.83 18.05 31.52
16.39 16.18 34.42
13.66 13.60 34.29
14.79 12.34 30.84
18.48 11.69 31.63
18.16 8.17 32.84
16.52 7.15 29.63
19.12 8.84 27.50
21.89 7.37 29.56
20.20 4.00 29.37
20.28 3.78 25.62
24.61 1.88 28.22
22.73 -0.80 26.34
23.94 0.24 22.93
27.39 -0.08 24.39
26.76 -3.25 26.26
30.05 -5.03 26.88
32.04 -3.59 23.97
35.27 -1.67 24.93
34.34 1.05 22.39
31.07 2.38 20.85
31.73 0.98 17.41
33.44 -2.26 18.60
36.91 -3.59 19.62
38.79 -0.55 18.52
38.69 3.12 19.42
37.02 5.21 16.71
32.71 8.29 17.70
34.40 7.52 20.96
35.51 11.10 21.06
31.91 12.26 20.43
30.46 9.98 22.98
32.46 14.47 25.28
28.78 14.17 25.59
28.83 11.65 28.41
31.34 13.71 30.31
29.10 16.69 29.91
27.70 13.72 33.93
28.73 17.21 35.05
25.19 18.47 34.72
23.75 15.45 36.54
26.59 13.93 38.50
24.53 10.92 39.40
23.25 10.23 35.94
25.76 7.52 35.47
25.61 5.63 38.79
23.35 3.00 37.34
25.53 2.32 34.29
28.93 1.10 35.09
29.85 0.17 31.55
29.53 3.90 30.98
31.58 4.81 33.94
34.33 2.49 32.66
34.14 3.87 29.26
34.87 7.36 30.64
37.83 6.11 32.71
39.02 3.97 29.90
38.73 6.78 27.42
40.56 9.13 29.74
43.14 6.39 30.02
44.35 6.35 26.45
48.08 7.33 26.68
47.83 10.25 24.38
44.72 11.14 26.18
45.95 11.40 29.66
48.94 13.09 28.23
44.51 16.17 29.43
47.29 16.54 32.01
48.82 19.27 29.76
48.56 23.02 30.36
46.70 23.83 27.09
40.25 23.19 28.56
37.55 20.84 29.93
34.99 23.45 30.92
32.70 24.71 29.84
30.75 23.71 26.83
28.92 26.98 27.09
30.08 30.45 28.06
28.28 33.86 28.50
24.72 33.48 27.22
24.58 29.92 28.80
21.76 29.66 31.30
23.86 26.98 32.96
27.64 27.38 32.80
27.83 31.03 31.81
31.52 31.39 32.58
11.62 -6.47 2.05
12.96 -3.83 4.41
10.68 -1.90 6.69
10.70 1.87 6.85
9.01 3.26 9.88
4.98 9.09 10.95
2.31 9.73 8.28
4.15 12.88 6.75
6.95 13.86 4.29
9.60 14.78 6.83
13.00 13.33 7.28
11.87 10.50 5.11
11.50 12.44 1.97
15.18 11.70 1.02
15.04 8.10 2.14
11.99 7.22 0.02
13.52 9.16 -2.81
16.72 7.16 -2.31
15.04 3.75 -2.12
13.10 4.40 -5.16
17.91 2.44 -6.17
14.85 0.34 -6.75
14.97 -0.81 -3.26
12.43 -3.38 -2.12
7.37 -1.78 2.69
6.38 1.26 4.74
5.28 1.29 8.36
3.14 4.41 8.84
-0.55 7.80 12.64
-0.21 10.53 15.07
-3.26 11.35 17.16
-5.06 14.67 16.62
-4.96 17.96 18.47
-4.88 18.75 21.30
-3.64 15.28 22.08
-1.42 11.24 20.47
1.72 9.10 19.70
0.62 5.97 21.40
0.69 3.88 18.25
4.43 4.63 18.15
5.05 4.65 21.86
3.36 1.30 22.16
6.01 -0.43 20.09
8.89 2.10 20.38
10.88 -0.33 22.58
9.63 -3.51 21.00
11.34 -3.34 17.64
14.80 -4.14 18.80
16.08 -0.65 17.79
19.39 0.49 19.20
18.27 4.02 20.04
14.55 3.73 19.23
13.28 6.54 17.00
11.40 7.57 13.83
12.36 7.09 11.03
14.79 1.06 8.59
14.74 -2.63 9.22
16.53 -4.68 6.65
16.54 -8.04 8.16
18.80 -8.35 11.18
19.87 -4.83 10.28
17.91 -2.27 12.42
18.85 1.41 11.80
17.78 4.70 13.39
18.98 8.27 12.47
17.87 9.45 9.15
21.46 10.26 8.22
22.52 6.82 9.29
19.73 5.28 7.30
20.95 7.32 4.34
24.55 6.32 4.67
21.66 2.82 1.76
24.43 4.79 0.09
27.06 2.21 0.91
24.76 -0.57 -0.15
24.31 0.96 -3.54
27.64 2.77 -3.81
26.43 6.31 -3.61
29.15 7.74 -1.37
31.90 10.06 -2.38
34.62 8.23 -4.35
37.38 10.78 -3.65
38.45 12.54 -0.46
37.37 15.74 -2.02
33.92 14.26 -2.61
33.79 12.69 0.84
34.41 16.00 2.35
31.83 17.82 0.30
29.23 15.23 1.09
30.02 15.37 4.84
29.70 19.12 4.96
26.53 18.94 2.96
24.97 16.24 5.01
25.63 18.26 8.09
24.55 21.51 6.56
21.14 20.27 5.36
20.27 19.10 8.82
21.16 22.51 10.29
18.95 24.29 7.84
16.21 21.67 8.07
16.26 22.04 11.80
16.05 25.78 11.59
12.88 25.69 9.50
11.33 22.95 11.50
11.97 24.82 14.69
10.04 27.68 13.32
7.07 25.97 11.82
6.53 24.49 15.25
6.92 27.75 17.04
3.60 28.59 18.63
4.74 32.19 18.16
5.09 31.65 14.44
3.50 34.70 12.73
5.71 36.98 14.80
8.94 35.37 13.75
7.70 34.18 10.37
8.92 37.45 8.85
12.22 38.11 10.46
12.94 34.44 9.68
12.33 34.91 5.98
14.95 37.56 6.40
17.62 34.85 6.62
16.75 32.62 3.69
18.59 34.35 0.92
21.82 33.85 2.72
20.91 30.28 3.40
20.27 29.82 -0.30
23.25 31.77 -1.49
25.33 29.35 0.58
24.46 28.31 -4.57
28.13 29.25 -4.28
28.95 25.78 -3.04
27.48 23.86 -5.92
28.80 26.43 -8.33
28.92 24.73 -11.70
28.88 21.18 -10.54
25.95 19.08 -11.71
25.89 17.39 -8.33
26.71 18.49 -4.77
29.76 16.16 -4.27
30.93 16.52 -7.82
30.22 15.07 -11.15
28.55 12.03 -9.73
25.25 11.92 -8.06
25.40 10.84 -4.43
23.66 14.04 -0.35
21.93 15.15 -3.48
18.92 13.53 -2.00
19.17 15.64 1.19
20.09 18.77 -0.80
14.75 17.81 -0.13
15.95 20.87 1.70
15.89 23.18 -1.35
12.45 21.99 -2.26
11.30 22.62 1.27
11.16 26.89 -2.02
7.83 25.50 -1.02
7.98 27.70 2.00
9.25 30.81 0.13
8.48 30.46 -3.51
10.90 33.22 -4.64
13.81 31.95 -2.57
15.30 30.45 -5.66
14.74 33.08 -8.31
18.15 34.59 -7.68
19.97 31.22 -7.99
19.57 29.66 -11.38
22.13 26.95 -10.62
19.86 25.80 -7.82
16.81 25.59 -10.01
18.86 23.68 -12.54
19.75 21.19 -9.92
16.09 20.73 -8.85
15.25 20.01 -12.45
18.26 17.70 -12.81
17.38 15.62 -9.82
13.75 15.58 -10.86
15.02 14.38 -14.25
16.67 11.19 -12.89
14.49 8.54 -14.60
13.18 6.67 -11.55
12.36 9.95 -9.69
9.87 11.42 -12.21
7.55 8.40 -12.01
7.14 11.65 -8.03
4.03 11.41 -10.14
2.90 8.39 -8.06
-0.29 8.06 -6.03
1.82 6.68 -3.14
3.32 12.70 -1.08
5.53 15.62 -2.15
4.24 17.20 1.13
4.03 17.75 3.94
7.38 17.45 5.77
5.21 18.68 8.74
1.92 17.32 10.29
-0.88 18.67 12.51
1.45 20.02 15.24
2.59 22.50 12.60
2.35 26.30 12.66
2.65 26.47 8.89
0.93 23.44 7.43
-0.90 21.62 10.27
-2.43 19.22 7.70
