35.16 32.08 21.91
34.72 30.81 18.36
33.73 33.60 15.98
30.96 33.07 13.45
29.52 35.14 10.61
26.35 33.97 8.86
26.42 36.85 6.42
23.44 38.63 4.86
20.20 37.11 3.56
16.70 38.20 2.49
15.00 37.99 5.86
14.53 35.89 9.00
12.13 32.98 9.42
13.16 31.37 12.69
15.61 31.74 15.56
16.77 28.86 17.75
18.78 29.76 20.84
19.44 28.40 24.30
19.94 30.10 27.64
20.61 29.36 31.29
18.73 31.46 33.85
21.82 31.48 36.07
24.42 32.47 33.49
23.86 33.66 29.93
22.94 32.89 26.32
24.45 29.73 24.88
23.64 28.31 21.45
22.47 30.41 18.51
21.12 29.34 15.11
18.97 31.09 12.54
16.79 29.90 9.69
16.95 32.71 7.15
14.90 33.45 4.10
16.89 33.33 0.89
14.87 34.81 -1.94
11.64 33.12 -0.90
13.04 29.82 0.36
14.23 28.82 3.82
17.97 28.65 4.34
19.16 26.85 7.46
22.09 28.68 8.99
24.90 26.86 10.78
24.26 26.00 14.41
26.67 27.97 16.58
27.08 26.01 19.78
28.47 26.70 23.23
31.57 24.77 24.32
29.49 23.50 27.25
26.00 22.12 27.92
23.15 22.63 30.37
21.18 25.23 28.43
17.43 25.49 27.92
16.46 25.74 24.23
13.69 27.84 22.72
12.39 28.19 19.19
11.15 31.50 17.84
9.10 30.88 14.70
8.14 34.06 12.87
5.17 34.40 10.54
7.38 35.37 7.60
7.04 37.66 5.73
4.20 39.44 7.54
6.03 39.25 10.87
9.48 40.76 11.31
11.76 41.96 14.11
11.39 45.65 14.98
13.62 45.74 18.06
16.33 43.63 19.68
17.29 44.28 23.29
19.17 42.54 26.04
21.80 42.74 28.75
25.57 42.29 28.80
27.50 41.49 31.95
30.25 39.53 33.63
29.94 35.77 34.06
32.92 33.89 35.50
35.10 36.87 34.62
33.94 37.18 31.00
31.75 39.88 29.51
28.94 38.07 27.67
25.40 38.58 26.40
23.23 37.48 29.33
19.77 37.93 27.85
18.00 38.72 24.60
14.51 39.92 23.75
13.08 40.06 20.23
10.15 42.36 19.58
8.31 41.96 16.28
5.33 43.81 14.84
3.15 41.06 16.32
4.61 39.71 19.59
7.49 40.09 22.03
9.68 37.01 22.48
11.62 36.85 25.72
13.40 37.97 27.73
15.51 34.82 27.54
18.37 34.51 30.01
19.32 36.79 32.90
18.13 40.39 32.82
21.07 41.69 34.85
23.97 43.91 33.86
24.15 46.69 31.28
21.14 46.99 28.97
21.25 47.69 25.24
18.55 47.96 22.61
18.34 48.43 18.88
14.94 49.69 17.67
14.57 49.79 13.88
12.46 52.56 12.36
13.06 51.64 8.71
14.92 48.57 7.51
15.34 44.91 8.38
17.76 42.65 10.22
19.09 40.26 7.57
22.00 38.53 9.26
24.00 37.85 12.42
27.67 37.47 13.33
29.40 37.13 16.67
31.31 34.76 18.90
30.40 31.98 21.31
32.64 30.32 23.87
30.93 29.01 26.99
28.42 31.78 26.29
27.56 34.30 23.57
30.52 36.71 23.82
29.18 39.35 21.48
27.07 39.72 18.36
26.39 42.16 15.55
23.56 42.51 13.07
23.39 43.08 9.32
20.76 45.67 8.33
19.26 46.36 4.92
16.24 47.94 3.26
36.06 43.51 -4.64
33.31 41.34 -6.06
31.69 40.86 -2.66
28.49 42.72 -1.75
28.44 44.95 1.35
25.77 45.57 3.97
25.44 47.94 6.93
26.45 46.17 10.18
25.70 47.47 13.67
27.36 46.17 16.81
29.00 44.47 18.45
27.29 44.33 21.83
29.00 42.28 24.51
32.73 41.67 24.91
35.08 44.00 23.03
8.13 68.48 21.91
8.57 69.74 18.36
9.55 66.96 15.98
