1.00 46.00 8.69
1.00 120.00 4.80
1.00 121.00 3.65
1.00 47.00 8.49
1.00 122.00 7.28
1.00 123.00 8.05
1.00 4.00 9.50
1.00 118.00 9.29
1.00 119.00 5.58
1.00 124.00 8.09
1.00 125.00 6.82
1.00 126.00 9.42
1.00 2.00 3.79
1.00 3.00 6.28
2.00 44.00 8.72
2.00 45.00 9.14
2.00 46.00 8.93
2.00 120.00 5.36
2.00 121.00 5.91
2.00 47.00 9.05
2.00 122.00 9.59
2.00 4.00 6.59
2.00 118.00 8.44
2.00 119.00 5.24
2.00 124.00 9.51
2.00 125.00 9.06
2.00 3.00 3.79
3.00 44.00 9.05
3.00 120.00 6.49
3.00 121.00 8.61
3.00 4.00 3.79
3.00 5.00 7.00
3.00 117.00 7.68
3.00 118.00 5.64
3.00 119.00 3.96
3.00 124.00 9.80
3.00 125.00 9.02
3.00 126.00 9.17
3.00 127.00 9.37
4.00 42.00 9.08
4.00 43.00 9.79
4.00 44.00 7.36
4.00 120.00 7.95
4.00 5.00 3.80
4.00 6.00 6.57
4.00 7.00 9.19
4.00 116.00 8.51
4.00 117.00 5.50
4.00 118.00 5.42
4.00 119.00 5.71
4.00 127.00 9.15
5.00 41.00 9.98
5.00 115.00 8.36
5.00 42.00 9.48
5.00 44.00 9.76
5.00 6.00 3.81
5.00 7.00 5.49
5.00 8.00 9.07
5.00 116.00 6.41
5.00 117.00 4.03
5.00 118.00 6.38
5.00 119.00 8.48
5.00 127.00 9.34
5.00 129.00 9.79
5.00 128.00 9.14
6.00 30.00 8.74
6.00 41.00 6.79
6.00 29.00 9.38
6.00 9.00 8.70
6.00 32.00 9.64
6.00 114.00 9.70
6.00 115.00 6.32
6.00 42.00 7.51
6.00 43.00 9.94
6.00 44.00 9.79
6.00 7.00 3.78
6.00 8.00 6.79
6.00 116.00 5.77
6.00 117.00 5.83
6.00 118.00 8.96
6.00 129.00 9.92
6.00 130.00 9.60
7.00 41.00 9.60
7.00 9.00 6.84
7.00 114.00 8.16
7.00 115.00 5.51
7.00 8.00 3.80
7.00 116.00 6.54
7.00 117.00 7.04
7.00 138.00 9.76
7.00 129.00 9.18
7.00 130.00 7.51
7.00 139.00 9.08
8.00 9.00 3.81
8.00 10.00 7.16
8.00 34.00 9.32
8.00 11.00 8.53
8.00 32.00 9.08
8.00 114.00 5.38
8.00 115.00 4.63
8.00 113.00 8.79
8.00 131.00 8.30
8.00 132.00 8.79
8.00 116.00 7.62
8.00 117.00 9.53
8.00 137.00 9.27
8.00 138.00 8.79
8.00 129.00 9.08
8.00 130.00 6.30
8.00 139.00 7.38
8.00 140.00 9.75
8.00 141.00 9.71
9.00 39.00 8.79
9.00 10.00 3.82
9.00 34.00 5.70
9.00 35.00 8.00
9.00 11.00 5.76
9.00 12.00 7.95
9.00 32.00 6.55
9.00 33.00 6.47
9.00 114.00 5.22
9.00 115.00 6.14
9.00 113.00 9.00
9.00 131.00 9.82
9.00 132.00 9.39
9.00 116.00 9.66
9.00 130.00 8.89
10.00 37.00 9.39
10.00 36.00 7.93
10.00 13.00 9.80
10.00 38.00 9.79
10.00 39.00 9.81
10.00 34.00 5.13
10.00 35.00 5.87
10.00 11.00 3.79
10.00 12.00 7.24
10.00 32.00 7.21
10.00 33.00 5.33
10.00 114.00 5.98
10.00 115.00 8.61
10.00 133.00 9.78
10.00 112.00 9.03
10.00 113.00 8.98
10.00 132.00 8.89
11.00 36.00 8.99
11.00 13.00 6.77
11.00 60.00 8.23
11.00 61.00 7.96
11.00 64.00 8.23
11.00 65.00 9.71
11.00 38.00 9.43
11.00 14.00 9.68
11.00 31.00 9.12
11.00 39.00 9.92
11.00 34.00 7.08
11.00 35.00 8.43
11.00 12.00 3.80
11.00 32.00 5.77
11.00 33.00 4.87
11.00 114.00 4.98
11.00 115.00 7.81
11.00 112.00 7.37
11.00 113.00 6.95
11.00 131.00 9.92
11.00 132.00 9.44
12.00 57.00 9.34
12.00 13.00 3.79
12.00 58.00 7.69
12.00 59.00 9.61
12.00 60.00 7.31
12.00 61.00 8.36
12.00 63.00 9.33
12.00 64.00 7.38
12.00 65.00 8.40
12.00 38.00 8.77
12.00 14.00 6.00
12.00 30.00 7.44
12.00 31.00 6.44
12.00 39.00 9.28
12.00 15.00 7.84
12.00 34.00 8.83
12.00 32.00 4.41
12.00 33.00 5.49
12.00 114.00 6.47
12.00 115.00 7.93
12.00 112.00 9.07
12.00 113.00 7.58
13.00 37.00 9.63
13.00 56.00 8.61
13.00 57.00 6.44
13.00 58.00 5.39
13.00 59.00 7.19
13.00 60.00 5.62
13.00 61.00 7.84
13.00 63.00 8.87
13.00 64.00 8.43
13.00 38.00 7.28
13.00 14.00 3.79
13.00 30.00 7.75
13.00 31.00 5.59
13.00 39.00 8.87
13.00 40.00 9.52
13.00 15.00 7.17
13.00 34.00 9.78
13.00 32.00 5.33
13.00 33.00 6.02
14.00 55.00 7.28
14.00 56.00 5.53
14.00 57.00 4.56
14.00 58.00 5.70
14.00 59.00 8.81
14.00 60.00 8.68
14.00 38.00 9.29
14.00 30.00 5.82
14.00 31.00 4.93
14.00 40.00 9.15
14.00 15.00 3.79
14.00 16.00 6.70
14.00 29.00 8.56
14.00 32.00 6.85
14.00 33.00 9.01
15.00 55.00 6.02
15.00 56.00 5.02
15.00 57.00 6.63
15.00 58.00 8.27
15.00 86.00 9.87
15.00 30.00 4.56
15.00 31.00 6.27
15.00 41.00 9.72
15.00 16.00 3.80
15.00 17.00 6.46
15.00 28.00 7.59
15.00 29.00 6.02
15.00 54.00 8.38
15.00 32.00 8.57
16.00 55.00 4.66
16.00 56.00 6.21
16.00 57.00 8.50
16.00 30.00 6.08
16.00 31.00 8.13
16.00 17.00 3.79
16.00 28.00 5.96
16.00 29.00 5.11
16.00 54.00 5.94
16.00 18.00 7.08
16.00 53.00 7.20
16.00 27.00 7.82
16.00 43.00 8.69
17.00 55.00 6.78
17.00 56.00 8.38
17.00 30.00 8.40
17.00 28.00 4.42
17.00 29.00 6.20
17.00 54.00 5.76
17.00 18.00 3.77
17.00 19.00 6.91
17.00 51.00 9.16
17.00 52.00 8.38
17.00 53.00 5.75
17.00 25.00 7.56
17.00 84.00 9.75
17.00 96.00 9.01
17.00 27.00 5.11
17.00 43.00 9.25
17.00 44.00 9.15
17.00 45.00 9.17
17.00 26.00 6.97
18.00 55.00 8.71
18.00 28.00 6.83
18.00 29.00 9.38
18.00 54.00 5.98
18.00 19.00 3.78
18.00 20.00 7.16
18.00 50.00 9.17
18.00 51.00 5.50
18.00 52.00 5.06
18.00 53.00 4.00
18.00 25.00 6.04
18.00 96.00 8.19
18.00 97.00 8.44
18.00 27.00 5.08
18.00 45.00 9.20
18.00 46.00 9.25
18.00 26.00 5.22
18.00 49.00 9.78
18.00 123.00 9.80
18.00 24.00 8.89
19.00 28.00 9.48
19.00 54.00 8.27
19.00 20.00 3.79
19.00 21.00 6.47
19.00 50.00 8.57
19.00 51.00 5.08
19.00 52.00 5.25
19.00 53.00 6.54
19.00 22.00 8.75
19.00 25.00 4.30
19.00 83.00 7.84
19.00 84.00 9.35
19.00 96.00 6.47
19.00 97.00 5.26
19.00 98.00 8.53
19.00 27.00 7.43
19.00 26.00 5.30
19.00 123.00 8.75
19.00 124.00 9.61
19.00 23.00 7.74
19.00 24.00 5.77
19.00 82.00 8.25
20.00 21.00 3.81
20.00 50.00 7.25
20.00 51.00 5.05
20.00 52.00 6.04
20.00 53.00 8.96
20.00 22.00 5.37
20.00 25.00 6.53
20.00 83.00 9.28
20.00 96.00 8.36
20.00 97.00 5.77
20.00 98.00 7.71
20.00 26.00 7.48
20.00 49.00 9.64
20.00 123.00 9.59
20.00 23.00 5.39
20.00 24.00 5.56
20.00 82.00 8.75
21.00 51.00 8.61
21.00 52.00 8.51
21.00 22.00 3.80
21.00 25.00 8.74
21.00 83.00 8.89
21.00 96.00 7.84
21.00 97.00 4.92
21.00 98.00 5.44
21.00 99.00 9.01
21.00 23.00 5.79
21.00 24.00 6.82
21.00 82.00 8.77
22.00 51.00 9.89
22.00 25.00 9.91
22.00 97.00 7.60
22.00 98.00 6.66
22.00 23.00 3.79
22.00 24.00 6.82
22.00 82.00 9.13
22.00 75.00 9.40
23.00 51.00 9.41
23.00 25.00 7.34
23.00 83.00 9.12
23.00 97.00 7.27
23.00 98.00 6.70
23.00 100.00 9.90
23.00 26.00 9.04
23.00 122.00 9.84
23.00 123.00 8.27
23.00 24.00 3.80
23.00 73.00 9.66
23.00 74.00 9.16
23.00 80.00 9.26
23.00 81.00 9.42
23.00 82.00 6.62
23.00 75.00 6.46
23.00 76.00 8.85
24.00 51.00 8.97
24.00 25.00 3.80
24.00 83.00 6.27
24.00 84.00 9.40
24.00 96.00 8.76
24.00 97.00 5.56
24.00 98.00 6.26
24.00 99.00 9.30
24.00 100.00 9.82
24.00 71.00 9.39
24.00 26.00 6.43
24.00 122.00 8.96
24.00 123.00 6.13
24.00 124.00 7.39
24.00 125.00 9.54
24.00 73.00 8.87
24.00 74.00 9.43
24.00 80.00 7.10
24.00 81.00 6.25
24.00 82.00 3.92
24.00 75.00 7.65
24.00 72.00 8.87
25.00 28.00 8.21
25.00 51.00 8.14
25.00 52.00 9.36
25.00 53.00 9.87
25.00 83.00 6.14
25.00 84.00 7.83
25.00 96.00 7.77
25.00 97.00 6.10
25.00 98.00 8.46
25.00 27.00 6.73
25.00 46.00 8.86
25.00 120.00 9.04
25.00 26.00 3.79
25.00 122.00 8.91
25.00 123.00 5.59
25.00 124.00 5.56
25.00 125.00 8.85
25.00 80.00 8.05
25.00 81.00 6.20
25.00 82.00 5.49
26.00 28.00 6.70
26.00 50.00 9.06
26.00 51.00 6.60
26.00 52.00 8.74
26.00 53.00 8.95
26.00 83.00 9.90
26.00 97.00 9.29
26.00 27.00 3.81
26.00 44.00 8.77
26.00 45.00 6.84
26.00 46.00 5.30
26.00 120.00 7.29
26.00 121.00 8.27
26.00 47.00 8.69
26.00 48.00 8.35
26.00 49.00 8.33
26.00 122.00 6.86
26.00 123.00 4.69
26.00 124.00 5.68
26.00 125.00 9.31
26.00 80.00 9.88
26.00 81.00 9.03
26.00 82.00 9.02
27.00 28.00 3.80
27.00 29.00 6.89
27.00 51.00 8.02
27.00 52.00 9.40
27.00 53.00 8.11
27.00 43.00 7.43
27.00 44.00 5.75
27.00 45.00 4.46
27.00 46.00 5.39
27.00 120.00 7.69
27.00 121.00 9.54
27.00 47.00 9.15
27.00 48.00 9.54
27.00 49.00 9.25
27.00 122.00 9.19
27.00 123.00 7.65
27.00 124.00 7.47
28.00 30.00 6.96
28.00 41.00 9.69
28.00 29.00 3.81
28.00 53.00 9.52
28.00 42.00 8.85
28.00 43.00 6.28
28.00 44.00 5.23
28.00 45.00 6.50
28.00 46.00 8.48
28.00 120.00 8.54
28.00 123.00 9.89
28.00 116.00 9.74
28.00 118.00 9.83
28.00 119.00 9.85
28.00 124.00 8.16
29.00 55.00 9.70
29.00 30.00 3.78
29.00 31.00 6.97
29.00 40.00 8.28
29.00 41.00 6.24
29.00 32.00 9.60
29.00 42.00 6.26
29.00 43.00 4.64
29.00 44.00 5.91
29.00 45.00 8.27
29.00 116.00 9.38
30.00 55.00 9.79
30.00 56.00 9.46
30.00 31.00 3.79
30.00 39.00 8.61
30.00 40.00 6.62
30.00 41.00 5.31
30.00 32.00 5.98
30.00 33.00 9.67
30.00 115.00 8.68
30.00 42.00 7.49
30.00 43.00 7.58
30.00 44.00 9.24
30.00 116.00 8.43
31.00 57.00 9.23
31.00 38.00 6.49
31.00 39.00 5.61
31.00 40.00 4.45
31.00 41.00 5.49
31.00 34.00 9.44
31.00 32.00 3.79
31.00 33.00 6.88
31.00 42.00 8.73
31.00 43.00 9.67
32.00 37.00 8.35
32.00 36.00 9.65
32.00 60.00 9.94
32.00 38.00 5.80
32.00 39.00 5.04
32.00 40.00 6.26
32.00 41.00 6.79
32.00 34.00 6.29
32.00 35.00 9.56
32.00 33.00 3.75
32.00 114.00 7.87
32.00 115.00 8.00
33.00 37.00 5.53
33.00 36.00 5.98
33.00 60.00 8.52
33.00 61.00 9.06
33.00 38.00 4.69
33.00 39.00 5.71
33.00 40.00 8.54
33.00 41.00 9.92
33.00 34.00 3.78
33.00 35.00 6.19
33.00 114.00 8.72
34.00 37.00 5.24
34.00 36.00 5.55
34.00 38.00 6.01
34.00 39.00 5.92
34.00 40.00 9.50
34.00 35.00 3.78
34.00 114.00 9.88
35.00 37.00 5.79
35.00 36.00 3.79
35.00 38.00 8.34
35.00 39.00 9.33
36.00 37.00 3.80
36.00 60.00 9.77
36.00 61.00 9.26
36.00 38.00 6.89
36.00 39.00 9.36
37.00 38.00 3.79
37.00 39.00 6.45
37.00 40.00 9.83
38.00 39.00 3.79
38.00 40.00 6.44
38.00 41.00 9.41
39.00 40.00 3.79
39.00 41.00 6.21
39.00 42.00 9.62
40.00 41.00 3.78
40.00 42.00 6.63
40.00 43.00 8.67
41.00 115.00 9.86
41.00 42.00 3.79
41.00 43.00 6.43
41.00 44.00 8.89
41.00 116.00 9.98
42.00 43.00 3.79
42.00 44.00 6.16
42.00 45.00 9.30
43.00 44.00 3.79
43.00 45.00 6.06
43.00 46.00 9.79
44.00 45.00 3.78
44.00 46.00 7.00
44.00 120.00 7.23
44.00 121.00 9.71
44.00 47.00 9.70
44.00 118.00 9.57
44.00 119.00 8.54
44.00 124.00 9.47
45.00 46.00 3.78
45.00 120.00 7.00
45.00 121.00 8.14
45.00 47.00 6.50
45.00 48.00 8.24
45.00 49.00 9.08
45.00 122.00 8.70
45.00 123.00 8.81
45.00 119.00 9.76
45.00 124.00 9.13
46.00 50.00 9.78
46.00 51.00 9.07
46.00 120.00 5.94
46.00 121.00 5.56
46.00 47.00 3.81
46.00 48.00 5.24
46.00 49.00 7.00
46.00 122.00 5.05
46.00 123.00 5.94
46.00 119.00 9.58
46.00 124.00 7.66
47.00 120.00 7.90
47.00 121.00 5.67
47.00 48.00 3.81
47.00 49.00 7.13
47.00 122.00 5.04
47.00 123.00 7.94
48.00 50.00 7.12
48.00 51.00 8.57
48.00 121.00 8.24
48.00 49.00 3.81
48.00 122.00 5.70
48.00 123.00 8.41
49.00 50.00 3.79
49.00 51.00 5.76
49.00 52.00 9.21
49.00 122.00 8.52
50.00 51.00 3.80
50.00 52.00 6.85
50.00 53.00 9.60
51.00 54.00 9.77
51.00 52.00 3.79
51.00 53.00 6.34
51.00 97.00 9.83
51.00 123.00 10.00
52.00 54.00 6.82
52.00 53.00 3.82
52.00 96.00 9.53
52.00 97.00 9.31
53.00 55.00 6.93
53.00 54.00 3.79
53.00 96.00 9.72
54.00 55.00 3.78
54.00 56.00 6.61
54.00 57.00 9.74
54.00 94.00 9.71
54.00 96.00 8.68
55.00 56.00 3.79
55.00 57.00 6.19
55.00 58.00 9.62
55.00 93.00 9.80
56.00 57.00 3.81
56.00 58.00 6.35
56.00 59.00 9.87
56.00 86.00 9.09
56.00 93.00 7.35
56.00 94.00 9.53
57.00 58.00 3.79
57.00 59.00 6.71
57.00 60.00 8.57
57.00 63.00 9.70
57.00 93.00 9.93
58.00 59.00 3.79
58.00 60.00 5.49
58.00 61.00 8.07
58.00 62.00 8.54
58.00 63.00 5.95
58.00 64.00 7.01
58.00 65.00 8.78
58.00 88.00 8.60
58.00 90.00 9.26
58.00 91.00 9.46
59.00 60.00 3.81
59.00 61.00 6.11
59.00 62.00 5.95
59.00 63.00 4.94
59.00 64.00 7.73
59.00 88.00 10.00
59.00 90.00 9.05
60.00 61.00 2.97
60.00 62.00 5.17
60.00 63.00 5.25
60.00 64.00 6.87
61.00 62.00 3.82
61.00 63.00 5.47
61.00 64.00 6.83
62.00 63.00 3.81
62.00 64.00 6.62
62.00 88.00 9.98
62.00 90.00 8.99
62.00 89.00 8.58
63.00 64.00 3.80
63.00 65.00 7.12
63.00 88.00 6.47
63.00 90.00 6.43
63.00 91.00 8.85
63.00 66.00 9.31
63.00 89.00 6.09
64.00 65.00 3.81
64.00 86.00 9.64
64.00 88.00 5.25
64.00 90.00 8.08
64.00 91.00 9.67
64.00 66.00 6.41
64.00 87.00 8.45
64.00 89.00 6.24
64.00 112.00 7.75
64.00 113.00 8.55
64.00 67.00 9.35
65.00 86.00 6.54
65.00 88.00 4.08
65.00 90.00 8.94
65.00 91.00 9.29
65.00 92.00 9.20
65.00 93.00 9.94
65.00 66.00 3.81
65.00 87.00 5.72
65.00 89.00 6.73
65.00 114.00 9.97
65.00 108.00 8.32
65.00 111.00 9.86
65.00 112.00 7.37
65.00 113.00 7.18
65.00 67.00 5.77
65.00 68.00 7.40
65.00 107.00 9.08
66.00 86.00 7.85
66.00 88.00 4.98
66.00 90.00 9.53
66.00 92.00 9.80
66.00 110.00 8.83
66.00 87.00 5.79
66.00 89.00 6.34
66.00 109.00 7.46
66.00 108.00 5.33
66.00 111.00 8.77
66.00 112.00 7.73
66.00 113.00 8.50
66.00 67.00 3.80
66.00 68.00 7.11
66.00 106.00 8.44
66.00 107.00 6.01
66.00 285.00 9.76
67.00 86.00 6.10
67.00 88.00 6.76
67.00 92.00 9.24
67.00 87.00 5.08
67.00 89.00 9.10
67.00 109.00 8.96
67.00 85.00 8.19
67.00 108.00 5.90
67.00 112.00 9.87
67.00 113.00 9.39
67.00 68.00 3.79
67.00 69.00 6.55
67.00 105.00 7.07
67.00 106.00 5.49
67.00 107.00 4.18
67.00 285.00 9.43
67.00 287.00 9.04
68.00 86.00 4.86
68.00 88.00 8.87
68.00 92.00 9.82
68.00 93.00 9.79
68.00 87.00 6.31
68.00 85.00 5.80
68.00 84.00 7.15
68.00 108.00 8.64
68.00 113.00 9.62
68.00 69.00 3.79
68.00 105.00 5.67
68.00 106.00 5.26
68.00 107.00 6.53
68.00 70.00 7.05
68.00 104.00 8.46
68.00 129.00 9.86
69.00 86.00 6.71
69.00 94.00 9.67
69.00 87.00 8.27
69.00 85.00 5.20
69.00 83.00 8.21
69.00 84.00 5.76
69.00 95.00 8.65
69.00 105.00 3.94
69.00 106.00 6.14
69.00 107.00 8.14
69.00 70.00 3.76
69.00 71.00 7.25
69.00 103.00 7.37
69.00 104.00 5.57
70.00 86.00 8.78
70.00 94.00 9.46
70.00 85.00 5.82
70.00 83.00 4.99
70.00 84.00 4.25
70.00 95.00 7.55
70.00 96.00 8.67
70.00 97.00 8.99
70.00 98.00 8.96
70.00 99.00 7.19
70.00 100.00 9.05
70.00 105.00 6.45
70.00 106.00 9.31
70.00 71.00 3.78
70.00 103.00 5.68
70.00 104.00 5.61
70.00 81.00 7.38
70.00 82.00 7.27
70.00 145.00 9.32
70.00 72.00 6.97
70.00 101.00 9.28
70.00 102.00 8.34
70.00 146.00 9.95
71.00 85.00 9.28
71.00 83.00 5.30
71.00 84.00 6.92
71.00 95.00 9.71
71.00 97.00 9.00
71.00 98.00 7.67
71.00 99.00 5.97
71.00 100.00 6.23
71.00 105.00 8.69
71.00 103.00 4.31
71.00 104.00 6.09
71.00 73.00 6.65
71.00 80.00 8.60
71.00 81.00 5.98
71.00 82.00 5.48
71.00 145.00 8.97
71.00 72.00 3.79
71.00 101.00 5.67
71.00 102.00 5.25
71.00 146.00 8.36
72.00 83.00 7.32
72.00 84.00 9.36
72.00 98.00 9.28
72.00 99.00 8.67
72.00 100.00 7.56
72.00 103.00 6.46
72.00 104.00 7.77
72.00 124.00 9.76
72.00 125.00 8.98
72.00 126.00 8.68
72.00 73.00 3.78
72.00 74.00 7.28
72.00 79.00 6.67
72.00 80.00 5.52
72.00 81.00 4.42
72.00 82.00 5.38
72.00 147.00 8.17
72.00 75.00 9.46
72.00 145.00 7.46
72.00 101.00 5.55
72.00 102.00 5.25
72.00 146.00 5.49
73.00 83.00 9.44
73.00 98.00 9.48
73.00 99.00 9.47
73.00 100.00 7.05
73.00 103.00 8.92
73.00 125.00 9.91
73.00 74.00 3.78
73.00 79.00 5.16
73.00 80.00 5.67
73.00 81.00 6.61
73.00 82.00 6.42
73.00 147.00 8.77
73.00 75.00 6.58
73.00 76.00 10.00
73.00 101.00 4.68
73.00 102.00 6.22
73.00 146.00 7.62
73.00 78.00 7.81
73.00 77.00 9.29
74.00 100.00 9.51
74.00 79.00 4.40
74.00 80.00 6.27
74.00 81.00 8.76
74.00 82.00 8.49
74.00 147.00 9.31
74.00 75.00 3.80
74.00 76.00 6.51
74.00 101.00 7.66
74.00 102.00 9.71
74.00 146.00 9.60
74.00 78.00 5.10
74.00 77.00 5.62
75.00 122.00 9.83
75.00 123.00 8.86
75.00 79.00 6.40
75.00 80.00 6.87
75.00 81.00 9.34
75.00 82.00 8.39
75.00 76.00 3.81
75.00 78.00 5.23
75.00 77.00 5.30
76.00 79.00 8.56
76.00 80.00 9.73
76.00 78.00 5.67
76.00 77.00 3.80
77.00 79.00 6.81
77.00 80.00 9.36
77.00 78.00 3.81
78.00 121.00 9.98
78.00 122.00 9.59
78.00 123.00 9.05
78.00 125.00 7.97
78.00 79.00 3.79
78.00 80.00 6.08
78.00 81.00 9.81
78.00 147.00 7.66
78.00 146.00 9.62
79.00 123.00 9.33
79.00 124.00 9.16
79.00 125.00 6.63
79.00 126.00 8.45
79.00 80.00 3.81
79.00 81.00 7.19
79.00 82.00 8.86
79.00 147.00 5.03
79.00 145.00 9.93
79.00 101.00 9.78
79.00 146.00 6.18
79.00 148.00 8.36
80.00 83.00 9.17
80.00 120.00 8.93
80.00 121.00 9.39
80.00 122.00 9.31
80.00 123.00 6.46
80.00 119.00 9.67
80.00 124.00 5.74
80.00 125.00 4.38
80.00 126.00 6.33
80.00 127.00 9.63
80.00 81.00 3.80
80.00 82.00 5.98
80.00 147.00 5.90
80.00 145.00 8.71
80.00 101.00 9.85
80.00 146.00 5.26
80.00 148.00 9.71
81.00 83.00 5.85
81.00 84.00 7.62
81.00 97.00 8.89
81.00 98.00 9.08
81.00 99.00 9.87
81.00 100.00 9.99
81.00 103.00 9.78
81.00 120.00 9.72
81.00 123.00 7.44
81.00 124.00 5.57
81.00 125.00 6.04
81.00 126.00 6.25
81.00 127.00 8.28
81.00 82.00 3.82
81.00 147.00 8.10
81.00 145.00 7.58
81.00 101.00 9.28
81.00 102.00 9.56
81.00 146.00 5.50
82.00 83.00 3.79
82.00 84.00 7.16
82.00 95.00 9.96
82.00 96.00 8.35
82.00 97.00 5.73
82.00 98.00 5.33
82.00 99.00 6.83
82.00 100.00 7.26
82.00 103.00 9.75
82.00 123.00 8.29
82.00 124.00 7.88
82.00 125.00 9.18
82.00 101.00 7.90
82.00 102.00 9.47
82.00 146.00 8.92
83.00 94.00 8.50
83.00 85.00 6.96
83.00 84.00 3.79
83.00 95.00 6.37
83.00 96.00 5.28
83.00 97.00 4.28
83.00 98.00 5.20
83.00 99.00 5.79
83.00 100.00 8.05
83.00 103.00 9.23
83.00 124.00 9.60
83.00 101.00 9.46
84.00 86.00 6.72
84.00 93.00 8.75
84.00 94.00 6.74
84.00 85.00 3.79
84.00 95.00 5.61
84.00 96.00 5.48
84.00 97.00 6.87
84.00 98.00 8.63
84.00 99.00 8.39
84.00 105.00 9.47
84.00 103.00 9.87
84.00 104.00 9.56
85.00 86.00 3.81
85.00 88.00 9.92
85.00 92.00 7.23
85.00 93.00 5.78
85.00 94.00 4.65
85.00 87.00 6.51
85.00 95.00 4.57
85.00 96.00 6.44
85.00 97.00 9.13
85.00 99.00 9.78
85.00 105.00 9.07
86.00 88.00 6.47
86.00 91.00 8.50
86.00 92.00 5.88
86.00 93.00 5.09
86.00 94.00 6.53
86.00 87.00 3.78
86.00 95.00 7.80
86.00 96.00 9.32
86.00 105.00 9.90
86.00 106.00 9.98
87.00 88.00 3.80
87.00 90.00 7.83
87.00 91.00 6.14
87.00 92.00 4.28
87.00 93.00 6.10
87.00 94.00 8.38
87.00 89.00 6.91
87.00 95.00 9.81
87.00 107.00 8.96
88.00 90.00 5.24
88.00 91.00 5.45
88.00 92.00 6.11
88.00 93.00 8.04
88.00 89.00 3.79
89.00 90.00 3.80
89.00 91.00 6.31
89.00 92.00 8.38
90.00 91.00 3.82
90.00 92.00 7.23
90.00 93.00 9.84
91.00 92.00 3.79
91.00 93.00 6.42
91.00 94.00 9.74
92.00 93.00 3.80
92.00 94.00 6.42
92.00 95.00 8.48
93.00 94.00 3.78
93.00 95.00 6.51
93.00 96.00 8.04
94.00 95.00 2.92
94.00 96.00 4.76
94.00 97.00 8.33
95.00 96.00 3.80
95.00 97.00 6.46
95.00 98.00 7.95
95.00 99.00 7.36
96.00 97.00 3.79
96.00 98.00 6.86
96.00 99.00 8.11
97.00 98.00 3.80
97.00 99.00 6.52
97.00 100.00 9.06
98.00 99.00 3.80
98.00 100.00 5.55
98.00 101.00 8.56
99.00 100.00 3.80
99.00 103.00 8.22
99.00 101.00 6.90
99.00 102.00 8.85
100.00 103.00 7.92
100.00 101.00 3.79
100.00 102.00 6.87
101.00 103.00 6.44
101.00 104.00 9.79
101.00 102.00 3.80
102.00 103.00 3.81
102.00 104.00 6.77
102.00 233.00 8.74
102.00 234.00 7.52
102.00 235.00 8.89
102.00 146.00 9.43
103.00 105.00 6.93
103.00 104.00 3.79
103.00 233.00 7.52
103.00 234.00 6.64
103.00 235.00 7.01
103.00 145.00 9.80
103.00 236.00 9.21
104.00 105.00 3.78
104.00 106.00 7.04
104.00 233.00 8.89
104.00 234.00 7.01
104.00 235.00 5.24
104.00 145.00 7.71
104.00 146.00 9.48
104.00 236.00 6.57
104.00 237.00 8.60
105.00 108.00 9.77
105.00 106.00 3.77
105.00 107.00 6.36
105.00 287.00 9.04
105.00 291.00 8.69
105.00 234.00 9.21
105.00 235.00 6.57
105.00 145.00 9.50
105.00 236.00 7.73
105.00 237.00 8.50
106.00 109.00 9.70
106.00 108.00 6.41
106.00 107.00 3.82
106.00 285.00 7.02
106.00 287.00 6.75
106.00 289.00 8.67
106.00 291.00 8.66
106.00 235.00 8.60
106.00 129.00 9.80
106.00 142.00 9.07
106.00 143.00 9.53
106.00 236.00 8.50
106.00 237.00 7.57
107.00 110.00 9.37
107.00 109.00 6.53
107.00 108.00 3.81
107.00 283.00 9.04
107.00 285.00 5.88
107.00 259.00 9.17
107.00 287.00 4.88
107.00 289.00 6.48
107.00 291.00 7.82
108.00 110.00 5.70
108.00 109.00 3.80
108.00 111.00 6.50
108.00 112.00 7.40
108.00 113.00 8.64
108.00 131.00 9.28
108.00 260.00 9.77
108.00 281.00 8.19
108.00 283.00 6.31
108.00 285.00 4.47
108.00 259.00 9.07
108.00 287.00 5.62
108.00 289.00 7.79
109.00 110.00 3.82
109.00 111.00 6.75
109.00 112.00 9.10
109.00 260.00 9.13
109.00 261.00 9.42
109.00 281.00 7.65
109.00 283.00 5.22
109.00 285.00 5.32
109.00 259.00 7.99
109.00 287.00 5.93
109.00 289.00 7.27
110.00 133.00 7.31
110.00 111.00 3.78
110.00 112.00 7.12
110.00 131.00 9.75
110.00 132.00 8.98
110.00 277.00 8.55
110.00 261.00 9.01
110.00 279.00 7.32
110.00 281.00 5.20
110.00 283.00 4.89
110.00 285.00 6.87
110.00 287.00 9.02
111.00 114.00 9.30
111.00 133.00 4.49
111.00 112.00 3.79
111.00 113.00 7.11
111.00 131.00 6.58
111.00 132.00 5.52
111.00 277.00 9.35
111.00 262.00 9.91
111.00 279.00 7.77
111.00 281.00 5.03
111.00 283.00 6.67
111.00 285.00 8.09
112.00 114.00 6.02
112.00 115.00 9.26
112.00 133.00 6.02
112.00 113.00 3.78
112.00 131.00 5.48
112.00 132.00 5.42
112.00 281.00 8.23
112.00 283.00 9.76
112.00 285.00 10.00
112.00 129.00 9.76
112.00 130.00 8.30
113.00 114.00 3.80
113.00 115.00 5.99
113.00 133.00 8.87
113.00 131.00 4.66
113.00 132.00 6.64
113.00 116.00 8.17
113.00 129.00 6.47
113.00 130.00 5.72
113.00 140.00 9.89
113.00 141.00 9.39
113.00 142.00 9.92
114.00 115.00 3.79
114.00 133.00 9.25
114.00 131.00 5.71
114.00 132.00 6.64
114.00 116.00 7.31
114.00 129.00 7.44
114.00 130.00 5.43
114.00 139.00 9.26
114.00 140.00 9.98
114.00 141.00 9.80
115.00 131.00 7.31
115.00 132.00 9.36
115.00 116.00 3.79
115.00 117.00 7.05
115.00 129.00 5.72
115.00 130.00 4.76
115.00 139.00 9.58
115.00 141.00 8.89
115.00 128.00 8.49
116.00 131.00 9.39
116.00 117.00 3.80
116.00 118.00 6.91
116.00 127.00 6.95
116.00 129.00 4.72
116.00 130.00 6.11
116.00 141.00 8.96
116.00 142.00 9.85
116.00 128.00 5.84
116.00 143.00 9.99
117.00 118.00 3.78
117.00 119.00 7.19
117.00 126.00 8.50
117.00 127.00 5.55
117.00 129.00 6.50
117.00 130.00 8.11
117.00 141.00 9.33
117.00 128.00 5.34
117.00 143.00 9.38
117.00 144.00 8.78
118.00 120.00 7.01
118.00 119.00 3.78
118.00 124.00 7.69
118.00 125.00 7.25
118.00 126.00 5.30
118.00 127.00 3.88
118.00 147.00 9.98
118.00 129.00 8.71
118.00 128.00 5.96
118.00 143.00 9.26
118.00 144.00 7.56
118.00 145.00 9.10
118.00 146.00 9.39
119.00 120.00 3.79
119.00 121.00 6.80
119.00 122.00 9.93
119.00 123.00 8.48
119.00 124.00 6.01
119.00 125.00 5.35
119.00 126.00 5.68
119.00 127.00 6.55
119.00 147.00 9.27
119.00 128.00 9.49
119.00 144.00 9.99
119.00 146.00 9.67
120.00 121.00 3.79
120.00 122.00 6.43
120.00 123.00 5.37
120.00 124.00 4.30
120.00 125.00 5.36
120.00 126.00 7.47
120.00 127.00 8.93
121.00 122.00 3.79
121.00 123.00 5.08
121.00 124.00 6.46
121.00 125.00 6.73
121.00 126.00 9.96
122.00 123.00 3.81
122.00 124.00 7.14
122.00 125.00 8.34
123.00 124.00 3.80
123.00 125.00 5.90
123.00 126.00 9.00
124.00 125.00 3.83
124.00 126.00 5.70
124.00 127.00 7.54
124.00 147.00 9.10
124.00 146.00 8.17
125.00 126.00 3.78
125.00 127.00 7.13
125.00 147.00 5.54
125.00 144.00 9.56
125.00 145.00 8.51
125.00 146.00 5.82
125.00 148.00 8.63
126.00 127.00 3.78
126.00 147.00 5.46
126.00 128.00 7.12
126.00 143.00 8.46
126.00 144.00 5.95
126.00 145.00 5.34
126.00 146.00 4.23
126.00 148.00 7.67
127.00 147.00 8.87
127.00 129.00 6.93
127.00 142.00 9.16
127.00 128.00 3.78
127.00 143.00 6.64
127.00 144.00 5.13
127.00 145.00 5.77
127.00 146.00 6.93
128.00 131.00 9.80
128.00 129.00 3.78
128.00 130.00 6.98
128.00 141.00 6.71
128.00 142.00 5.68
128.00 239.00 9.07
128.00 240.00 7.99
128.00 143.00 4.31
128.00 144.00 4.53
128.00 145.00 6.70
128.00 238.00 9.17
128.00 146.00 9.33
129.00 131.00 6.35
129.00 132.00 9.99
129.00 130.00 3.80
129.00 139.00 9.86
129.00 140.00 8.41
129.00 141.00 5.50
129.00 142.00 5.44
129.00 239.00 9.77
129.00 240.00 9.13
129.00 143.00 6.47
129.00 144.00 7.90
129.00 145.00 9.70
130.00 131.00 3.82
130.00 132.00 6.87
130.00 138.00 9.62
130.00 139.00 6.37
130.00 140.00 5.79
130.00 141.00 4.44
130.00 142.00 6.60
130.00 240.00 9.42
130.00 241.00 9.01
130.00 143.00 9.03
131.00 133.00 7.17
131.00 132.00 3.80
131.00 262.00 9.38
131.00 281.00 7.66
131.00 283.00 9.73
131.00 285.00 9.67
131.00 139.00 6.64
131.00 140.00 5.38
131.00 141.00 6.00
131.00 142.00 7.49
131.00 242.00 9.91
131.00 263.00 9.75
132.00 133.00 3.79
132.00 262.00 9.75
132.00 279.00 8.85
132.00 281.00 6.72
132.00 283.00 9.90
132.00 138.00 9.96
132.00 139.00 6.63
132.00 140.00 6.69
132.00 141.00 8.92
132.00 263.00 9.18
133.00 277.00 8.03
133.00 279.00 7.20
133.00 281.00 6.16
133.00 283.00 9.47
133.00 139.00 9.84
133.00 140.00 9.90
134.00 136.00 5.48
134.00 137.00 8.14
134.00 138.00 9.80
134.00 135.00 3.78
135.00 136.00 3.79
135.00 137.00 6.61
135.00 138.00 9.57
136.00 137.00 3.81
136.00 138.00 6.58
137.00 138.00 3.82
137.00 139.00 6.95
138.00 139.00 3.79
138.00 140.00 7.01
138.00 141.00 9.13
138.00 241.00 8.55
138.00 242.00 9.35
138.00 264.00 8.03
139.00 140.00 3.81
139.00 141.00 6.28
139.00 142.00 9.89
139.00 241.00 7.32
139.00 242.00 7.77
139.00 264.00 7.20
139.00 263.00 8.85
140.00 262.00 7.66
140.00 281.00 8.91
140.00 141.00 3.83
140.00 142.00 6.76
140.00 239.00 8.19
140.00 240.00 7.65
140.00 241.00 5.20
140.00 242.00 5.03
140.00 264.00 6.16
140.00 243.00 8.23
140.00 263.00 6.72
141.00 262.00 9.73
141.00 142.00 3.80
141.00 239.00 6.31
141.00 240.00 5.22
141.00 241.00 4.89
141.00 242.00 6.67
141.00 143.00 6.69
141.00 144.00 8.82
141.00 238.00 9.04
141.00 264.00 9.47
141.00 243.00 9.76
141.00 263.00 9.90
142.00 262.00 9.67
142.00 285.00 9.87
142.00 239.00 4.47
142.00 240.00 5.32
142.00 241.00 6.87
142.00 242.00 8.09
142.00 143.00 3.78
142.00 144.00 6.54
142.00 145.00 8.89
142.00 238.00 5.88
142.00 243.00 10.00
142.00 197.00 9.76
142.00 198.00 9.43
142.00 237.00 7.02
143.00 239.00 5.62
143.00 240.00 5.93
143.00 241.00 9.02
143.00 144.00 2.88
143.00 145.00 5.35
143.00 238.00 4.88
143.00 146.00 8.78
143.00 198.00 9.04
143.00 236.00 9.04
143.00 237.00 6.75
144.00 147.00 7.97
144.00 239.00 7.79
144.00 240.00 7.27
144.00 145.00 3.79
144.00 238.00 6.48
144.00 146.00 6.45
144.00 237.00 8.67
144.00 148.00 7.62
145.00 147.00 6.80
145.00 238.00 7.82
145.00 146.00 3.78
145.00 236.00 8.69
145.00 237.00 8.66
145.00 148.00 7.88
146.00 147.00 3.80
146.00 148.00 6.49
147.00 148.00 3.80
149.00 159.00 6.83
149.00 160.00 9.38
149.00 151.00 7.16
149.00 155.00 8.89
149.00 156.00 6.04
149.00 157.00 5.22
149.00 254.00 9.80
149.00 158.00 5.08
149.00 176.00 9.20
149.00 177.00 9.25
149.00 180.00 9.78
149.00 181.00 9.17
149.00 182.00 5.50
149.00 292.00 7.08
149.00 295.00 3.77
149.00 150.00 3.78
149.00 227.00 8.19
149.00 228.00 8.44
149.00 185.00 5.98
149.00 186.00 8.71
149.00 183.00 5.06
149.00 184.00 4.00
150.00 159.00 9.48
150.00 255.00 9.61
150.00 151.00 3.79
150.00 154.00 7.74
150.00 155.00 5.77
150.00 156.00 4.30
150.00 157.00 5.30
150.00 213.00 8.25
150.00 254.00 8.75
150.00 153.00 8.75
150.00 158.00 7.43
150.00 181.00 8.57
150.00 182.00 5.08
150.00 215.00 9.35
150.00 295.00 6.91
150.00 152.00 6.47
150.00 214.00 7.84
150.00 227.00 6.47
150.00 228.00 5.26
150.00 229.00 8.53
150.00 185.00 8.27
150.00 183.00 5.25
150.00 184.00 6.54
151.00 154.00 5.39
151.00 155.00 5.56
151.00 156.00 6.53
151.00 157.00 7.48
151.00 213.00 8.75
151.00 254.00 9.59
151.00 153.00 5.37
151.00 180.00 9.64
151.00 181.00 7.25
151.00 182.00 5.05
151.00 152.00 3.81
151.00 214.00 9.28
151.00 227.00 8.36
151.00 228.00 5.77
151.00 229.00 7.71
151.00 183.00 6.04
151.00 184.00 8.96
152.00 154.00 5.79
152.00 155.00 6.82
152.00 156.00 8.74
152.00 213.00 8.77
152.00 153.00 3.80
152.00 182.00 8.61
152.00 230.00 9.01
152.00 214.00 8.89
152.00 227.00 7.84
152.00 228.00 4.92
152.00 229.00 5.44
152.00 183.00 8.51
153.00 154.00 3.79
153.00 155.00 6.82
153.00 156.00 9.91
153.00 213.00 9.13
153.00 206.00 9.40
153.00 182.00 9.89
153.00 228.00 7.60
153.00 229.00 6.66
154.00 205.00 9.16
154.00 253.00 9.84
154.00 207.00 8.85
154.00 204.00 9.66
154.00 212.00 9.42
154.00 231.00 9.90
154.00 155.00 3.80
154.00 156.00 7.34
154.00 157.00 9.04
154.00 211.00 9.26
154.00 213.00 6.62
154.00 254.00 8.27
154.00 206.00 6.46
154.00 182.00 9.41
154.00 214.00 9.12
154.00 228.00 7.27
154.00 229.00 6.70
155.00 205.00 9.43
155.00 256.00 9.54
155.00 253.00 8.96
155.00 202.00 9.39
155.00 203.00 8.87
155.00 204.00 8.87
155.00 212.00 6.25
155.00 231.00 9.82
155.00 255.00 7.39
155.00 156.00 3.80
155.00 157.00 6.43
155.00 211.00 7.10
155.00 213.00 3.92
155.00 254.00 6.13
155.00 206.00 7.65
155.00 182.00 8.97
155.00 215.00 9.40
155.00 230.00 9.30
155.00 214.00 6.27
155.00 227.00 8.76
155.00 228.00 5.56
155.00 229.00 6.26
156.00 251.00 9.04
156.00 256.00 8.85
156.00 253.00 8.91
156.00 212.00 6.20
156.00 159.00 8.21
156.00 255.00 5.56
156.00 157.00 3.79
156.00 211.00 8.05
156.00 213.00 5.49
156.00 254.00 5.59
156.00 158.00 6.73
156.00 177.00 8.86
156.00 182.00 8.14
156.00 215.00 7.83
156.00 295.00 7.56
156.00 214.00 6.14
156.00 227.00 7.77
156.00 228.00 6.10
156.00 229.00 8.46
156.00 183.00 9.36
156.00 184.00 9.87
157.00 251.00 7.29
157.00 252.00 8.27
157.00 256.00 9.31
157.00 253.00 6.86
157.00 178.00 8.69
157.00 212.00 9.03
157.00 159.00 6.70
157.00 255.00 5.68
157.00 211.00 9.88
157.00 213.00 9.02
157.00 254.00 4.69
157.00 158.00 3.81
157.00 175.00 8.77
157.00 176.00 6.84
157.00 177.00 5.30
157.00 179.00 8.35
157.00 180.00 8.33
157.00 181.00 9.06
157.00 182.00 6.60
157.00 295.00 6.97
157.00 214.00 9.90
157.00 228.00 9.29
157.00 183.00 8.74
157.00 184.00 8.95
158.00 251.00 7.69
158.00 252.00 9.54
158.00 253.00 9.19
158.00 178.00 9.15
158.00 159.00 3.80
158.00 160.00 6.89
158.00 255.00 7.47
158.00 254.00 7.65
158.00 174.00 7.43
158.00 175.00 5.75
158.00 176.00 4.46
158.00 177.00 5.39
158.00 179.00 9.54
158.00 180.00 9.25
158.00 182.00 8.02
158.00 292.00 7.82
158.00 295.00 5.11
158.00 183.00 9.40
158.00 184.00 8.11
159.00 250.00 9.85
159.00 251.00 8.54
159.00 172.00 9.69
159.00 247.00 9.74
159.00 160.00 3.81
159.00 249.00 9.83
159.00 255.00 8.16
159.00 254.00 9.89
159.00 173.00 8.85
159.00 174.00 6.28
159.00 175.00 5.23
159.00 176.00 6.50
159.00 177.00 8.48
159.00 161.00 6.96
159.00 290.00 7.59
159.00 292.00 5.96
159.00 295.00 4.42
159.00 184.00 9.52
160.00 172.00 6.24
160.00 247.00 9.38
160.00 272.00 9.38
160.00 173.00 6.26
160.00 174.00 4.64
160.00 175.00 5.91
160.00 176.00 8.27
160.00 161.00 3.78
160.00 162.00 6.97
160.00 163.00 9.60
160.00 288.00 8.56
160.00 290.00 6.02
160.00 292.00 5.11
160.00 295.00 6.20
160.00 171.00 8.28
160.00 186.00 9.70
161.00 246.00 8.68
161.00 172.00 5.31
161.00 247.00 8.43
161.00 272.00 8.74
161.00 173.00 7.49
161.00 174.00 7.58
161.00 175.00 9.24
161.00 162.00 3.79
161.00 163.00 5.98
161.00 164.00 9.67
161.00 170.00 8.61
161.00 284.00 7.44
161.00 286.00 7.75
161.00 288.00 5.82
161.00 187.00 9.46
161.00 290.00 4.56
161.00 292.00 6.08
161.00 295.00 8.40
161.00 171.00 6.62
161.00 186.00 9.79
162.00 172.00 5.49
162.00 173.00 8.73
162.00 174.00 9.67
162.00 165.00 9.44
162.00 169.00 6.49
162.00 163.00 3.79
162.00 164.00 6.88
162.00 170.00 5.61
162.00 282.00 9.12
162.00 284.00 6.44
162.00 286.00 5.59
162.00 288.00 4.93
162.00 290.00 6.27
162.00 292.00 8.13
162.00 171.00 4.45
162.00 188.00 9.23
163.00 246.00 8.00
163.00 276.00 9.08
163.00 278.00 6.55
163.00 172.00 6.79
163.00 272.00 9.64
163.00 245.00 7.87
163.00 165.00 6.29
163.00 166.00 9.56
163.00 167.00 9.65
163.00 168.00 8.35
163.00 169.00 5.80
163.00 280.00 7.21
163.00 164.00 3.75
163.00 170.00 5.04
163.00 282.00 5.77
163.00 284.00 4.41
163.00 286.00 5.33
163.00 288.00 6.85
163.00 290.00 8.57
163.00 171.00 6.26
163.00 191.00 9.94
164.00 278.00 6.47
164.00 172.00 9.92
164.00 245.00 8.72
164.00 165.00 3.78
164.00 166.00 6.19
164.00 167.00 5.98
164.00 168.00 5.53
164.00 169.00 4.69
164.00 280.00 5.33
164.00 170.00 5.71
164.00 282.00 4.87
164.00 284.00 5.49
164.00 286.00 6.02
164.00 288.00 9.01
164.00 171.00 8.54
164.00 191.00 8.52
164.00 192.00 9.06
165.00 276.00 9.32
165.00 278.00 5.70
165.00 245.00 9.88
165.00 166.00 3.78
165.00 167.00 5.55
165.00 168.00 5.24
165.00 169.00 6.01
165.00 280.00 5.13
165.00 170.00 5.92
165.00 282.00 7.08
165.00 284.00 8.83
165.00 286.00 9.78
165.00 171.00 9.50
166.00 278.00 8.00
166.00 167.00 3.79
166.00 168.00 5.79
166.00 169.00 8.34
166.00 280.00 5.87
166.00 170.00 9.33
166.00 282.00 8.43
167.00 168.00 3.80
167.00 169.00 6.89
167.00 280.00 7.93
167.00 170.00 9.36
167.00 282.00 8.99
167.00 191.00 9.77
167.00 192.00 9.26
168.00 169.00 3.79
168.00 280.00 9.39
168.00 170.00 6.45
168.00 286.00 9.63
168.00 171.00 9.83
169.00 172.00 9.41
169.00 280.00 9.79
169.00 170.00 3.79
169.00 282.00 9.43
169.00 284.00 8.77
169.00 286.00 7.28
169.00 288.00 9.29
169.00 171.00 6.44
170.00 278.00 8.79
170.00 172.00 6.21
170.00 173.00 9.62
170.00 280.00 9.81
170.00 282.00 9.92
170.00 284.00 9.28
170.00 286.00 8.87
170.00 171.00 3.79
171.00 172.00 3.78
171.00 173.00 6.63
171.00 174.00 8.67
171.00 286.00 9.52
171.00 288.00 9.15
172.00 246.00 9.86
172.00 247.00 9.98
172.00 270.00 9.98
172.00 272.00 6.79
172.00 274.00 9.60
172.00 173.00 3.79
172.00 174.00 6.43
172.00 175.00 8.89
172.00 290.00 9.72
173.00 268.00 9.08
173.00 270.00 9.48
173.00 272.00 7.51
173.00 174.00 3.79
173.00 175.00 6.16
173.00 176.00 9.30
174.00 268.00 9.79
174.00 272.00 9.94
174.00 175.00 3.79
174.00 176.00 6.06
174.00 177.00 9.79
174.00 292.00 8.69
174.00 295.00 9.25
175.00 268.00 7.36
175.00 250.00 8.54
175.00 251.00 7.23
175.00 252.00 9.71
175.00 266.00 8.72
175.00 267.00 9.05
175.00 178.00 9.70
175.00 270.00 9.76
175.00 272.00 9.79
175.00 249.00 9.57
175.00 255.00 9.47
175.00 176.00 3.78
175.00 177.00 7.00
175.00 295.00 9.15
176.00 250.00 9.76
176.00 251.00 7.00
176.00 252.00 8.14
176.00 266.00 9.14
176.00 253.00 8.70
176.00 178.00 6.50
176.00 255.00 9.13
176.00 254.00 8.81
176.00 177.00 3.78
176.00 179.00 8.24
176.00 180.00 9.08
176.00 295.00 9.17
177.00 250.00 9.58
177.00 251.00 5.94
177.00 252.00 5.56
177.00 265.00 8.69
177.00 266.00 8.93
177.00 253.00 5.05
177.00 178.00 3.81
177.00 255.00 7.66
177.00 254.00 5.94
177.00 179.00 5.24
177.00 180.00 7.00
177.00 181.00 9.78
177.00 182.00 9.07
178.00 251.00 7.90
178.00 252.00 5.67
178.00 265.00 8.49
178.00 266.00 9.05
178.00 253.00 5.04
178.00 254.00 7.94
178.00 179.00 3.81
178.00 180.00 7.13
179.00 252.00 8.24
179.00 253.00 5.70
179.00 254.00 8.41
179.00 180.00 3.81
179.00 181.00 7.12
179.00 182.00 8.57
180.00 253.00 8.52
180.00 181.00 3.79
180.00 182.00 5.76
180.00 183.00 9.21
181.00 182.00 3.80
181.00 183.00 6.85
181.00 184.00 9.60
182.00 254.00 10.00
182.00 295.00 9.16
182.00 228.00 9.83
182.00 185.00 9.77
182.00 183.00 3.79
182.00 184.00 6.34
183.00 295.00 8.38
183.00 227.00 9.53
183.00 228.00 9.31
183.00 185.00 6.82
183.00 184.00 3.82
184.00 292.00 7.20
184.00 295.00 5.75
184.00 227.00 9.72
184.00 185.00 3.79
184.00 186.00 6.93
185.00 187.00 6.61
185.00 290.00 8.38
185.00 292.00 5.94
185.00 295.00 5.76
185.00 225.00 9.71
185.00 227.00 8.68
185.00 186.00 3.78
185.00 188.00 9.74
186.00 288.00 7.28
186.00 187.00 3.79
186.00 290.00 6.02
186.00 292.00 4.66
186.00 295.00 6.78
186.00 189.00 9.62
186.00 188.00 6.19
186.00 224.00 9.80
187.00 217.00 9.09
187.00 286.00 8.61
187.00 288.00 5.53
187.00 290.00 5.02
187.00 292.00 6.21
187.00 295.00 8.38
187.00 225.00 9.53
187.00 189.00 6.35
187.00 190.00 9.87
187.00 188.00 3.81
187.00 224.00 7.35
188.00 284.00 9.34
188.00 286.00 6.44
188.00 288.00 4.56
188.00 290.00 6.63
188.00 292.00 8.50
188.00 194.00 9.70
188.00 189.00 3.79
188.00 190.00 6.71
188.00 191.00 8.57
188.00 224.00 9.93
189.00 196.00 8.78
189.00 284.00 7.69
189.00 286.00 5.39
189.00 288.00 5.70
189.00 290.00 8.27
189.00 193.00 8.54
189.00 194.00 5.95
189.00 195.00 7.01
189.00 219.00 8.60
189.00 221.00 9.26
189.00 222.00 9.46
189.00 190.00 3.79
189.00 191.00 5.49
189.00 192.00 8.07
190.00 284.00 9.61
190.00 286.00 7.19
190.00 288.00 8.81
190.00 193.00 5.95
190.00 194.00 4.94
190.00 195.00 7.73
190.00 219.00 10.00
190.00 221.00 9.05
190.00 191.00 3.81
190.00 192.00 6.11
191.00 282.00 8.23
191.00 284.00 7.31
191.00 286.00 5.62
191.00 288.00 8.68
191.00 193.00 5.17
191.00 194.00 5.25
191.00 195.00 6.87
191.00 192.00 2.97
192.00 282.00 7.96
192.00 284.00 8.36
192.00 286.00 7.84
192.00 193.00 3.82
192.00 194.00 5.47
192.00 195.00 6.83
193.00 194.00 3.81
193.00 195.00 6.62
193.00 219.00 9.98
193.00 220.00 8.58
193.00 221.00 8.99
194.00 196.00 7.12
194.00 197.00 9.31
194.00 284.00 9.33
194.00 286.00 8.87
194.00 195.00 3.80
194.00 219.00 6.47
194.00 220.00 6.09
194.00 221.00 6.43
194.00 222.00 8.85
195.00 243.00 7.75
195.00 244.00 8.55
195.00 196.00 3.81
195.00 197.00 6.41
195.00 198.00 9.35
195.00 217.00 9.64
195.00 218.00 8.45
195.00 282.00 8.23
195.00 284.00 7.38
195.00 286.00 8.43
195.00 219.00 5.25
195.00 220.00 6.24
195.00 221.00 8.08
195.00 222.00 9.67
196.00 239.00 8.32
196.00 242.00 9.86
196.00 238.00 9.08
196.00 243.00 7.37
196.00 244.00 7.18
196.00 245.00 9.97
196.00 197.00 3.81
196.00 198.00 5.77
196.00 199.00 7.40
196.00 217.00 6.54
196.00 218.00 5.72
196.00 282.00 9.71
196.00 284.00 8.40
196.00 219.00 4.08
196.00 220.00 6.73
196.00 221.00 8.94
196.00 222.00 9.29
196.00 223.00 9.20
196.00 224.00 9.94
197.00 239.00 5.33
197.00 240.00 7.46
197.00 241.00 8.83
197.00 242.00 8.77
197.00 238.00 6.01
197.00 243.00 7.73
197.00 244.00 8.50
197.00 198.00 3.80
197.00 199.00 7.11
197.00 217.00 7.85
197.00 218.00 5.79
197.00 237.00 8.44
197.00 219.00 4.98
197.00 220.00 6.34
197.00 221.00 9.53
197.00 223.00 9.80
198.00 239.00 5.90
198.00 240.00 8.96
198.00 238.00 4.18
198.00 243.00 9.87
198.00 244.00 9.39
198.00 199.00 3.79
198.00 200.00 6.55
198.00 216.00 8.19
198.00 217.00 6.10
198.00 218.00 5.08
198.00 236.00 7.07
198.00 237.00 5.49
198.00 219.00 6.76
198.00 220.00 9.10
198.00 223.00 9.24
199.00 260.00 9.86
199.00 235.00 8.46
199.00 239.00 8.64
199.00 238.00 6.53
199.00 244.00 9.62
199.00 200.00 3.79
199.00 216.00 5.80
199.00 217.00 4.86
199.00 218.00 6.31
199.00 236.00 5.67
199.00 237.00 5.26
199.00 201.00 7.05
199.00 215.00 7.15
199.00 219.00 8.87
199.00 223.00 9.82
199.00 224.00 9.79
200.00 202.00 7.25
200.00 234.00 7.37
200.00 235.00 5.57
200.00 238.00 8.14
200.00 216.00 5.20
200.00 217.00 6.71
200.00 218.00 8.27
200.00 236.00 3.94
200.00 237.00 6.14
200.00 201.00 3.76
200.00 215.00 5.76
200.00 214.00 8.21
200.00 225.00 9.67
200.00 226.00 8.65
201.00 291.00 9.32
201.00 202.00 3.78
201.00 203.00 6.97
201.00 212.00 7.38
201.00 232.00 9.28
201.00 233.00 8.34
201.00 234.00 5.68
201.00 235.00 5.61
201.00 293.00 9.95
201.00 231.00 9.05
201.00 213.00 7.27
201.00 216.00 5.82
201.00 217.00 8.78
201.00 236.00 6.45
201.00 237.00 9.31
201.00 215.00 4.25
201.00 230.00 7.19
201.00 214.00 4.99
201.00 225.00 9.46
201.00 226.00 7.55
201.00 227.00 8.67
201.00 228.00 8.99
201.00 229.00 8.96
202.00 291.00 8.97
202.00 203.00 3.79
202.00 204.00 6.65
202.00 212.00 5.98
202.00 232.00 5.67
202.00 233.00 5.25
202.00 234.00 4.31
202.00 235.00 6.09
202.00 293.00 8.36
202.00 231.00 6.23
202.00 211.00 8.60
202.00 213.00 5.48
202.00 216.00 9.28
202.00 236.00 8.69
202.00 215.00 6.92
202.00 230.00 5.97
202.00 214.00 5.30
202.00 226.00 9.71
202.00 228.00 9.00
202.00 229.00 7.67
203.00 205.00 7.28
203.00 210.00 6.67
203.00 294.00 8.17
203.00 256.00 8.98
203.00 257.00 8.68
203.00 291.00 7.46
203.00 204.00 3.78
203.00 212.00 4.42
203.00 232.00 5.55
203.00 233.00 5.25
203.00 234.00 6.46
203.00 235.00 7.77
203.00 293.00 5.49
203.00 231.00 7.56
203.00 255.00 9.76
203.00 211.00 5.52
203.00 213.00 5.38
203.00 206.00 9.46
203.00 215.00 9.36
203.00 230.00 8.67
203.00 214.00 7.32
203.00 229.00 9.28
204.00 205.00 3.78
204.00 210.00 5.16
204.00 294.00 8.77
204.00 256.00 9.91
204.00 209.00 7.81
204.00 207.00 10.00
204.00 208.00 9.29
204.00 212.00 6.61
204.00 232.00 4.68
204.00 233.00 6.22
204.00 234.00 8.92
204.00 293.00 7.62
204.00 231.00 7.05
204.00 211.00 5.67
204.00 213.00 6.42
204.00 206.00 6.58
204.00 230.00 9.47
204.00 214.00 9.44
204.00 229.00 9.48
205.00 210.00 4.40
205.00 294.00 9.31
205.00 209.00 5.10
205.00 207.00 6.51
205.00 208.00 5.62
205.00 212.00 8.76
205.00 232.00 7.66
205.00 233.00 9.71
205.00 293.00 9.60
205.00 231.00 9.51
205.00 211.00 6.27
205.00 213.00 8.49
205.00 206.00 3.80
206.00 210.00 6.40
206.00 209.00 5.23
206.00 253.00 9.83
206.00 207.00 3.81
206.00 208.00 5.30
206.00 212.00 9.34
206.00 211.00 6.87
206.00 213.00 8.39
206.00 254.00 8.86
207.00 210.00 8.56
207.00 209.00 5.67
207.00 208.00 3.80
207.00 211.00 9.73
208.00 210.00 6.81
208.00 209.00 3.81
208.00 211.00 9.36
209.00 210.00 3.79
209.00 294.00 7.66
209.00 252.00 9.98
209.00 256.00 7.97
209.00 253.00 9.59
209.00 212.00 9.81
209.00 293.00 9.62
209.00 211.00 6.08
209.00 254.00 9.05
210.00 296.00 8.36
210.00 294.00 5.03
210.00 256.00 6.63
210.00 257.00 8.45
210.00 291.00 9.93
210.00 212.00 7.19
210.00 232.00 9.78
210.00 293.00 6.18
210.00 255.00 9.16
210.00 211.00 3.81
210.00 213.00 8.86
210.00 254.00 9.33
211.00 296.00 9.71
211.00 294.00 5.90
211.00 250.00 9.67
211.00 251.00 8.93
211.00 252.00 9.39
211.00 256.00 4.38
211.00 253.00 9.31
211.00 257.00 6.33
211.00 258.00 9.63
211.00 291.00 8.71
211.00 212.00 3.80
211.00 232.00 9.85
211.00 293.00 5.26
211.00 255.00 5.74
211.00 213.00 5.98
211.00 254.00 6.46
211.00 214.00 9.17
212.00 294.00 8.10
212.00 251.00 9.72
212.00 256.00 6.04
212.00 257.00 6.25
212.00 258.00 8.28
212.00 291.00 7.58
212.00 232.00 9.28
212.00 233.00 9.56
212.00 234.00 9.78
212.00 293.00 5.50
212.00 231.00 9.99
212.00 255.00 5.57
212.00 213.00 3.82
212.00 254.00 7.44
212.00 215.00 7.62
212.00 230.00 9.87
212.00 214.00 5.85
212.00 228.00 8.89
212.00 229.00 9.08
213.00 256.00 9.18
213.00 232.00 7.90
213.00 233.00 9.47
213.00 234.00 9.75
213.00 293.00 8.92
213.00 231.00 7.26
213.00 255.00 7.88
213.00 254.00 8.29
213.00 215.00 7.16
213.00 230.00 6.83
213.00 214.00 3.79
213.00 226.00 9.96
213.00 227.00 8.35
213.00 228.00 5.73
213.00 229.00 5.33
214.00 232.00 9.46
214.00 234.00 9.23
214.00 231.00 8.05
214.00 255.00 9.60
214.00 216.00 6.96
214.00 215.00 3.79
214.00 230.00 5.79
214.00 225.00 8.50
214.00 226.00 6.37
214.00 227.00 5.28
214.00 228.00 4.28
214.00 229.00 5.20
215.00 234.00 9.87
215.00 235.00 9.56
215.00 216.00 3.79
215.00 217.00 6.72
215.00 236.00 9.47
215.00 230.00 8.39
215.00 295.00 9.75
215.00 225.00 6.74
215.00 226.00 5.61
215.00 227.00 5.48
215.00 228.00 6.87
215.00 229.00 8.63
215.00 224.00 8.75
216.00 217.00 3.81
216.00 218.00 6.51
216.00 236.00 9.07
216.00 230.00 9.78
216.00 225.00 4.65
216.00 226.00 4.57
216.00 227.00 6.44
216.00 228.00 9.13
216.00 219.00 9.92
216.00 223.00 7.23
216.00 224.00 5.78
217.00 218.00 3.78
217.00 236.00 9.90
217.00 237.00 9.98
217.00 290.00 9.87
217.00 225.00 6.53
217.00 226.00 7.80
217.00 227.00 9.32
217.00 219.00 6.47
217.00 222.00 8.50
217.00 223.00 5.88
217.00 224.00 5.09
218.00 238.00 8.96
218.00 225.00 8.38
218.00 226.00 9.81
218.00 219.00 3.80
218.00 220.00 6.91
218.00 221.00 7.83
218.00 222.00 6.14
218.00 223.00 4.28
218.00 224.00 6.10
219.00 220.00 3.79
219.00 221.00 5.24
219.00 222.00 5.45
219.00 223.00 6.11
219.00 224.00 8.04
220.00 221.00 3.80
220.00 222.00 6.31
220.00 223.00 8.38
221.00 222.00 3.82
221.00 223.00 7.23
221.00 224.00 9.84
222.00 225.00 9.74
222.00 223.00 3.79
222.00 224.00 6.42
223.00 225.00 6.42
223.00 226.00 8.48
223.00 224.00 3.80
224.00 225.00 3.78
224.00 226.00 6.51
224.00 227.00 8.04
225.00 226.00 2.92
225.00 227.00 4.76
225.00 228.00 8.33
226.00 230.00 7.36
226.00 227.00 3.80
226.00 228.00 6.46
226.00 229.00 7.95
227.00 230.00 8.11
227.00 295.00 9.01
227.00 228.00 3.79
227.00 229.00 6.86
228.00 231.00 9.06
228.00 230.00 6.52
228.00 229.00 3.80
229.00 232.00 8.56
229.00 231.00 5.55
229.00 230.00 3.80
230.00 232.00 6.90
230.00 233.00 8.85
230.00 234.00 8.22
230.00 231.00 3.80
231.00 232.00 3.79
231.00 233.00 6.87
231.00 234.00 7.92
232.00 233.00 3.80
232.00 234.00 6.44
232.00 235.00 9.79
233.00 234.00 3.81
233.00 235.00 6.77
233.00 293.00 9.43
234.00 291.00 9.80
234.00 235.00 3.79
234.00 236.00 6.93
235.00 291.00 7.71
235.00 293.00 9.48
235.00 236.00 3.78
235.00 237.00 7.04
236.00 291.00 9.50
236.00 239.00 9.77
236.00 238.00 6.36
236.00 237.00 3.77
237.00 260.00 9.80
237.00 285.00 9.07
237.00 287.00 9.53
237.00 239.00 6.41
237.00 240.00 9.70
237.00 238.00 3.82
238.00 239.00 3.81
238.00 240.00 6.53
238.00 241.00 9.37
239.00 262.00 9.28
239.00 240.00 3.80
239.00 241.00 5.70
239.00 242.00 6.50
239.00 243.00 7.40
239.00 244.00 8.64
240.00 241.00 3.82
240.00 242.00 6.75
240.00 243.00 9.10
241.00 262.00 9.75
241.00 242.00 3.78
241.00 264.00 7.31
241.00 243.00 7.12
241.00 263.00 8.98
242.00 262.00 6.58
242.00 264.00 4.49
242.00 243.00 3.79
242.00 244.00 7.11
242.00 245.00 9.30
242.00 263.00 5.52
243.00 246.00 9.26
243.00 260.00 9.76
243.00 261.00 8.30
243.00 262.00 5.48
243.00 264.00 6.02
243.00 244.00 3.78
243.00 245.00 6.02
243.00 263.00 5.42
243.00 280.00 9.03
243.00 282.00 7.37
243.00 284.00 9.07
244.00 246.00 5.99
244.00 260.00 6.47
244.00 261.00 5.72
244.00 262.00 4.66
244.00 276.00 8.79
244.00 281.00 9.89
244.00 283.00 9.39
244.00 285.00 9.92
244.00 278.00 9.00
244.00 247.00 8.17
244.00 264.00 8.87
244.00 245.00 3.80
244.00 263.00 6.64
244.00 280.00 8.98
244.00 282.00 6.95
244.00 284.00 7.58
245.00 246.00 3.79
245.00 260.00 7.44
245.00 261.00 5.43
245.00 262.00 5.71
245.00 276.00 5.38
245.00 279.00 9.26
245.00 281.00 9.98
245.00 283.00 9.80
245.00 278.00 5.22
245.00 247.00 7.31
245.00 272.00 9.70
245.00 274.00 8.16
245.00 264.00 9.25
245.00 263.00 6.64
245.00 280.00 5.98
245.00 282.00 4.98
245.00 284.00 6.47
246.00 260.00 5.72
246.00 261.00 4.76
246.00 262.00 7.31
246.00 276.00 4.63
246.00 279.00 9.58
246.00 283.00 8.89
246.00 259.00 8.49
246.00 278.00 6.14
246.00 247.00 3.79
246.00 248.00 7.05
246.00 270.00 8.36
246.00 272.00 6.32
246.00 274.00 5.51
246.00 263.00 9.36
246.00 280.00 8.61
246.00 282.00 7.81
246.00 284.00 7.93
247.00 268.00 8.51
247.00 260.00 4.72
247.00 261.00 6.11
247.00 262.00 9.39
247.00 276.00 7.62
247.00 283.00 8.96
247.00 285.00 9.85
247.00 258.00 6.95
247.00 259.00 5.84
247.00 287.00 9.99
247.00 278.00 9.66
247.00 248.00 3.80
247.00 270.00 6.41
247.00 272.00 5.77
247.00 274.00 6.54
247.00 249.00 6.91
248.00 268.00 5.50
248.00 250.00 7.19
248.00 267.00 7.68
248.00 260.00 6.50
248.00 261.00 8.11
248.00 276.00 9.53
248.00 283.00 9.33
248.00 257.00 8.50
248.00 258.00 5.55
248.00 259.00 5.34
248.00 287.00 9.38
248.00 289.00 8.78
248.00 270.00 4.03
248.00 272.00 5.83
248.00 274.00 7.04
248.00 249.00 3.78
249.00 294.00 9.98
249.00 268.00 5.42
249.00 250.00 3.78
249.00 251.00 7.01
249.00 256.00 7.25
249.00 265.00 9.29
249.00 266.00 8.44
249.00 267.00 5.64
249.00 260.00 8.71
249.00 257.00 5.30
249.00 258.00 3.88
249.00 259.00 5.96
249.00 287.00 9.26
249.00 289.00 7.56
249.00 291.00 9.10
249.00 293.00 9.39
249.00 270.00 6.38
249.00 272.00 8.96
249.00 255.00 7.69
250.00 294.00 9.27
250.00 268.00 5.71
250.00 251.00 3.79
250.00 252.00 6.80
250.00 256.00 5.35
250.00 265.00 5.58
250.00 266.00 5.24
250.00 267.00 3.96
250.00 253.00 9.93
250.00 257.00 5.68
250.00 258.00 6.55
250.00 259.00 9.49
250.00 289.00 9.99
250.00 293.00 9.67
250.00 270.00 8.48
250.00 255.00 6.01
250.00 254.00 8.48
251.00 268.00 7.95
251.00 252.00 3.79
251.00 256.00 5.36
251.00 265.00 4.80
251.00 266.00 5.36
251.00 267.00 6.49
251.00 253.00 6.43
251.00 257.00 7.47
251.00 258.00 8.93
251.00 255.00 4.30
251.00 254.00 5.37
252.00 256.00 6.73
252.00 265.00 3.65
252.00 266.00 5.91
252.00 267.00 8.61
252.00 253.00 3.79
252.00 257.00 9.96
252.00 255.00 6.46
252.00 254.00 5.08
253.00 256.00 8.34
253.00 265.00 7.28
253.00 266.00 9.59
253.00 255.00 7.14
253.00 254.00 3.81
254.00 256.00 5.90
254.00 265.00 8.05
254.00 257.00 9.00
254.00 255.00 3.80
255.00 294.00 9.10
255.00 256.00 3.83
255.00 265.00 8.09
255.00 266.00 9.51
255.00 267.00 9.80
255.00 257.00 5.70
255.00 258.00 7.54
255.00 293.00 8.17
256.00 296.00 8.63
256.00 294.00 5.54
256.00 265.00 6.82
256.00 266.00 9.06
256.00 267.00 9.02
256.00 257.00 3.78
256.00 258.00 7.13
256.00 289.00 9.56
256.00 291.00 8.51
256.00 293.00 5.82
257.00 296.00 7.67
257.00 294.00 5.46
257.00 265.00 9.42
257.00 267.00 9.17
257.00 258.00 3.78
257.00 259.00 7.12
257.00 287.00 8.46
257.00 289.00 5.95
257.00 291.00 5.34
257.00 293.00 4.23
258.00 294.00 8.87
258.00 268.00 9.15
258.00 267.00 9.37
258.00 260.00 6.93
258.00 285.00 9.16
258.00 259.00 3.78
258.00 287.00 6.64
258.00 289.00 5.13
258.00 291.00 5.77
258.00 293.00 6.93
258.00 270.00 9.34
259.00 260.00 3.78
259.00 261.00 6.98
259.00 262.00 9.80
259.00 283.00 6.71
259.00 285.00 5.68
259.00 287.00 4.31
259.00 289.00 4.53
259.00 291.00 6.70
259.00 293.00 9.33
259.00 270.00 9.14
260.00 261.00 3.80
260.00 262.00 6.35
260.00 276.00 9.08
260.00 279.00 9.86
260.00 281.00 8.41
260.00 283.00 5.50
260.00 285.00 5.44
260.00 287.00 6.47
260.00 289.00 7.90
260.00 291.00 9.70
260.00 270.00 9.79
260.00 272.00 9.92
260.00 274.00 9.18
260.00 263.00 9.99
261.00 277.00 9.62
261.00 262.00 3.82
261.00 276.00 6.30
261.00 279.00 6.37
261.00 281.00 5.79
261.00 283.00 4.44
261.00 285.00 6.60
261.00 287.00 9.03
261.00 278.00 8.89
261.00 272.00 9.60
261.00 274.00 7.51
261.00 263.00 6.87
262.00 276.00 8.30
262.00 279.00 6.64
262.00 281.00 5.38
262.00 283.00 6.00
262.00 285.00 7.49
262.00 278.00 9.82
262.00 264.00 7.17
262.00 263.00 3.80
262.00 282.00 9.92
263.00 277.00 9.96
263.00 276.00 8.79
263.00 279.00 6.63
263.00 281.00 6.69
263.00 283.00 8.92
263.00 278.00 9.39
263.00 264.00 3.79
263.00 280.00 8.89
263.00 282.00 9.44
264.00 279.00 9.84
264.00 281.00 9.90
264.00 280.00 9.78
265.00 268.00 9.50
265.00 266.00 3.79
265.00 267.00 6.28
266.00 268.00 6.59
266.00 267.00 3.79
267.00 268.00 3.79
267.00 270.00 7.00
268.00 270.00 3.80
268.00 272.00 6.57
268.00 274.00 9.19
269.00 271.00 3.78
269.00 273.00 5.48
269.00 275.00 8.14
269.00 277.00 9.80
270.00 276.00 9.07
270.00 272.00 3.81
270.00 274.00 5.49
271.00 273.00 3.79
271.00 275.00 6.61
271.00 277.00 9.57
272.00 276.00 6.79
272.00 278.00 8.70
272.00 274.00 3.78
273.00 275.00 3.81
273.00 277.00 6.58
274.00 277.00 9.76
274.00 276.00 3.80
274.00 279.00 9.08
274.00 278.00 6.84
275.00 277.00 3.82
275.00 276.00 9.27
275.00 279.00 6.95
276.00 277.00 8.79
276.00 279.00 7.38
276.00 281.00 9.75
276.00 283.00 9.71
276.00 278.00 3.81
276.00 280.00 7.16
276.00 282.00 8.53
277.00 279.00 3.79
277.00 281.00 7.01
277.00 283.00 9.13
278.00 280.00 3.82
278.00 282.00 5.76
278.00 284.00 7.95
279.00 281.00 3.81
279.00 283.00 6.28
279.00 285.00 9.89
280.00 282.00 3.79
280.00 284.00 7.24
280.00 286.00 9.80
281.00 283.00 3.83
281.00 285.00 6.76
282.00 284.00 3.80
282.00 286.00 6.77
282.00 288.00 9.68
283.00 285.00 3.80
283.00 287.00 6.69
283.00 289.00 8.82
284.00 286.00 3.79
284.00 288.00 6.00
284.00 290.00 7.84
285.00 287.00 3.78
285.00 289.00 6.54
285.00 291.00 8.89
286.00 288.00 3.79
286.00 290.00 7.17
287.00 289.00 2.88
287.00 291.00 5.35
287.00 293.00 8.78
288.00 290.00 3.79
288.00 292.00 6.70
289.00 296.00 7.62
289.00 294.00 7.97
289.00 291.00 3.79
289.00 293.00 6.45
290.00 292.00 3.80
290.00 295.00 6.46
291.00 296.00 7.88
291.00 294.00 6.80
291.00 293.00 3.78
292.00 295.00 3.79
293.00 296.00 6.49
293.00 294.00 3.80
294.00 296.00 3.80
