0.00 1.00 1.00 0.00 0.00 0.00 0.00 0.00 0.00 0.00 0.00 0.00
1.00 0.00 1.00 0.00 0.00 0.00 0.00 0.00 0.00 0.00 0.00 0.00
0.00 2.00 1.00 0.00 0.00 0.00 0.00 0.00 0.00 0.00 0.00 0.00
2.00 0.00 1.00 0.00 0.00 0.00 0.00 0.00 0.00 0.00 0.00 0.00
0.00 9.00 1.00 0.00 0.00 0.00 0.00 0.00 0.00 0.00 0.00 0.00
9.00 0.00 1.00 0.00 0.00 0.00 0.00 0.00 0.00 0.00 0.00 0.00
2.00 3.00 1.00 0.00 0.00 0.00 0.00 0.00 0.00 0.00 0.00 0.00
3.00 2.00 1.00 0.00 0.00 0.00 0.00 0.00 0.00 0.00 0.00 0.00
2.00 4.00 1.00 0.00 0.00 0.00 0.00 0.00 0.00 0.00 0.00 0.00
4.00 2.00 1.00 0.00 0.00 0.00 0.00 0.00 0.00 0.00 0.00 0.00
3.00 12.00 1.00 0.00 0.00 0.00 0.00 0.00 0.00 0.00 0.00 0.00
12.00 3.00 1.00 0.00 0.00 0.00 0.00 0.00 0.00 0.00 0.00 0.00
4.00 5.00 1.00 0.00 0.00 0.00 0.00 0.00 0.00 0.00 0.00 0.00
5.00 4.00 1.00 0.00 0.00 0.00 0.00 0.00 0.00 0.00 0.00 0.00
4.00 6.00 1.00 0.00 0.00 0.00 0.00 0.00 0.00 0.00 0.00 0.00
6.00 4.00 1.00 0.00 0.00 0.00 0.00 0.00 0.00 0.00 0.00 0.00
15.00 5.00 1.00 0.00 0.00 0.00 0.00 0.00 0.00 0.00 0.00 0.00
5.00 15.00 1.00 0.00 0.00 0.00 0.00 0.00 0.00 0.00 0.00 0.00
6.00 7.00 1.00 0.00 0.00 0.00 0.00 0.00 0.00 0.00 0.00 0.00
7.00 6.00 1.00 0.00 0.00 0.00 0.00 0.00 0.00 0.00 0.00 0.00
6.00 8.00 1.00 0.00 0.00 0.00 0.00 0.00 0.00 0.00 0.00 0.00
8.00 6.00 1.00 0.00 0.00 0.00 0.00 0.00 0.00 0.00 0.00 0.00
8.00 10.00 1.00 0.00 0.00 0.00 0.00 0.00 0.00 0.00 0.00 0.00
10.00 8.00 1.00 0.00 0.00 0.00 0.00 0.00 0.00 0.00 0.00 0.00
8.00 9.00 1.00 0.00 0.00 0.00 0.00 0.00 0.00 0.00 0.00 0.00
9.00 8.00 1.00 0.00 0.00 0.00 0.00 0.00 0.00 0.00 0.00 0.00
10.00 11.00 1.00 0.00 0.00 0.00 0.00 0.00 0.00 0.00 0.00 0.00
11.00 10.00 1.00 0.00 0.00 0.00 0.00 0.00 0.00 0.00 0.00 0.00
12.00 13.00 1.00 0.00 0.00 0.00 0.00 0.00 0.00 0.00 0.00 0.00
13.00 12.00 1.00 0.00 0.00 0.00 0.00 0.00 0.00 0.00 0.00 0.00
12.00 14.00 1.00 0.00 0.00 0.00 0.00 0.00 0.00 0.00 0.00 0.00
14.00 12.00 1.00 0.00 0.00 0.00 0.00 0.00 0.00 0.00 0.00 0.00
15.00 16.00 1.00 0.00 0.00 0.00 0.00 0.00 0.00 0.00 0.00 0.00
16.00 15.00 1.00 0.00 0.00 0.00 0.00 0.00 0.00 0.00 0.00 0.00
15.00 23.00 1.00 0.00 0.00 0.00 0.00 0.00 0.00 0.00 0.00 0.00
23.00 15.00 1.00 0.00 0.00 0.00 0.00 0.00 0.00 0.00 0.00 0.00
16.00 17.00 1.00 0.00 0.00 0.00 0.00 0.00 0.00 0.00 0.00 0.00
17.00 16.00 1.00 0.00 0.00 0.00 0.00 0.00 0.00 0.00 0.00 0.00
16.00 18.00 1.00 0.00 0.00 0.00 0.00 0.00 0.00 0.00 0.00 0.00
18.00 16.00 1.00 0.00 0.00 0.00 0.00 0.00 0.00 0.00 0.00 0.00
18.00 19.00 1.00 0.00 0.00 0.00 0.00 0.00 0.00 0.00 0.00 0.00
19.00 18.00 1.00 0.00 0.00 0.00 0.00 0.00 0.00 0.00 0.00 0.00
18.00 20.00 1.00 0.00 0.00 0.00 0.00 0.00 0.00 0.00 0.00 0.00
20.00 18.00 1.00 0.00 0.00 0.00 0.00 0.00 0.00 0.00 0.00 0.00
20.00 21.00 1.00 0.00 0.00 0.00 0.00 0.00 0.00 0.00 0.00 0.00
21.00 20.00 1.00 0.00 0.00 0.00 0.00 0.00 0.00 0.00 0.00 0.00
20.00 22.00 1.00 0.00 0.00 0.00 0.00 0.00 0.00 0.00 0.00 0.00
22.00 20.00 1.00 0.00 0.00 0.00 0.00 0.00 0.00 0.00 0.00 0.00
22.00 23.00 1.00 0.00 0.00 0.00 0.00 0.00 0.00 0.00 0.00 0.00
23.00 22.00 1.00 0.00 0.00 0.00 0.00 0.00 0.00 0.00 0.00 0.00
22.00 24.00 1.00 0.00 0.00 0.00 0.00 0.00 0.00 0.00 0.00 0.00
24.00 22.00 1.00 0.00 0.00 0.00 0.00 0.00 0.00 0.00 0.00 0.00
24.00 25.00 1.00 0.00 0.00 0.00 0.00 0.00 0.00 0.00 0.00 0.00
25.00 24.00 1.00 0.00 0.00 0.00 0.00 0.00 0.00 0.00 0.00 0.00
