-16.14 -2.71 -19.96
-16.82 -5.85 -17.87
-19.58 -6.15 -15.32
-20.27 -8.78 -12.66
-23.75 -8.92 -11.20
-24.18 -10.74 -7.90
-27.29 -12.20 -6.31
-26.95 -13.02 -2.60
-28.69 -16.14 -1.30
-28.75 -16.80 2.45
-29.88 -20.34 3.24
-29.67 -21.03 6.92
-30.90 -18.70 9.69
-28.82 -20.74 12.16
-25.72 -19.03 10.75
-27.26 -15.62 11.38
-28.01 -12.98 8.74
-25.27 -11.19 6.75
-25.23 -7.61 5.46
-22.58 -5.68 3.49
-20.28 -3.49 5.56
-17.72 -2.37 2.94
-17.27 -2.39 -0.83
-13.93 -1.77 -2.52
-12.75 -1.42 -6.14
-9.16 -2.00 -7.16
-7.49 0.74 -9.27
-6.28 -1.20 -12.33
-8.17 -1.22 -15.65
-9.52 2.30 -15.08
-11.16 1.20 -11.82
-14.89 0.65 -11.54
-17.98 1.15 -9.44
-20.44 -0.80 -7.35
-24.15 -0.22 -7.86
-27.36 -1.78 -6.55
-30.59 -2.51 -8.40
-33.55 -4.70 -7.48
-31.62 -6.24 -4.59
-28.66 -7.21 -6.80
-25.13 -5.79 -6.72
-23.12 -5.02 -9.85
-19.42 -4.30 -10.12
-18.76 -2.42 -13.38
-15.07 -2.31 -14.42
-13.16 -0.36 -17.08
-11.61 -3.46 -18.63
-10.07 -6.83 -17.84
-7.52 -6.87 -14.97
-9.23 -5.47 -11.90
-11.67 -6.52 -9.18
-13.66 -5.51 -6.13
-14.51 -6.91 -2.73
-17.65 -6.96 -0.65
-17.14 -7.47 3.08
-20.08 -8.94 4.97
-20.83 -9.10 8.68
-23.42 -11.40 10.22
-25.61 -10.42 13.15
-23.67 -13.09 15.03
-20.44 -11.15 14.45
-18.83 -13.20 11.65
-16.74 -11.22 9.10
-16.06 -12.50 5.58
-15.06 -11.11 2.18
-16.11 -12.02 -1.38
-13.78 -10.93 -4.17
-14.80 -10.96 -7.84
-12.93 -9.68 -10.90
-11.67 -10.40 -14.39
-8.09 -11.62 -14.98
-6.83 -11.95 -18.55
-10.41 -11.89 -19.91
-11.69 -14.66 -17.63
-13.70 -14.27 -14.41
-12.23 -15.04 -11.01
-13.50 -15.21 -7.43
-12.41 -15.84 -3.86
-13.84 -15.87 -0.38
-11.90 -15.16 2.81
-13.39 -16.13 6.18
-12.52 -15.72 9.88
-11.50 -12.09 9.48
-10.55 -9.95 12.44
-12.15 -6.49 12.69
-8.95 -4.79 11.49
-8.79 -6.94 8.32
-11.06 -4.68 6.28
-11.78 -5.02 2.56
-9.34 -2.15 2.11
-6.66 -4.51 3.47
-7.88 -7.57 1.52
-8.46 -6.28 -2.02
-4.85 -5.19 -2.68
-3.58 -8.58 -1.47
-4.59 -10.08 -4.84
-2.05 -7.90 -6.65
1.59 -6.76 -6.57
2.73 -10.30 -5.72
0.44 -10.30 -2.67
-0.44 -13.45 -0.70
-3.80 -13.96 -2.43
-2.66 -13.40 -6.06
-2.57 -17.15 -6.63
-6.40 -17.32 -6.21
-6.97 -14.60 -8.81
-4.66 -16.42 -11.19
-6.81 -19.58 -10.94
-9.66 -17.74 -12.77
-12.29 -19.77 -10.96
-15.91 -19.87 -12.05
-16.83 -21.45 -8.70
-15.35 -21.57 -5.19
-16.57 -23.11 -1.90
-15.27 -22.58 1.65
-16.53 -23.32 5.20
-15.48 -20.94 7.98
-14.14 -22.13 11.35
-17.52 -21.40 12.92
-19.28 -23.65 10.39
-20.70 -21.21 7.81
-20.63 -22.45 4.21
-19.92 -19.90 1.47
-20.05 -20.44 -2.27
-19.50 -18.17 -5.23
-20.85 -19.69 -8.45
-20.90 -17.89 -11.81
-24.08 -18.61 -13.75
-22.84 -16.64 -16.76
-19.14 -17.54 -17.07
-18.09 -15.95 -20.38
-18.40 -12.62 -22.13
-18.51 -9.12 -20.63
-21.79 -9.23 -18.67
-20.96 -11.86 -16.08
-23.36 -13.12 -13.42
-22.80 -15.01 -10.18
-24.70 -16.25 -7.14
-23.18 -15.77 -3.72
-24.60 -18.38 -1.36
-24.32 -18.32 2.47
-25.25 -21.51 4.30
-46.42 0.03 -20.17
-45.42 3.27 -18.49
-42.64 3.91 -16.04
-41.98 6.89 -13.81
-38.52 7.26 -12.31
-38.09 9.53 -9.29
-34.98 11.17 -7.90
-35.39 12.53 -4.38
-33.59 15.79 -3.49
-33.57 16.84 0.15
-32.34 20.43 0.38
-32.60 21.72 3.91
-31.36 19.93 7.05
-33.47 22.28 9.16
-36.55 20.31 7.97
-35.05 17.07 9.19
-34.30 14.08 6.99
-36.99 11.97 5.28
-37.05 8.26 4.48
-39.65 6.12 2.71
-42.01 4.27 5.07
-44.56 2.81 2.59
-44.96 2.25 -1.17
-48.34 1.35 -2.74
-49.51 0.55 -6.28
-53.15 0.94 -7.37
-54.81 -2.06 -9.08
-55.97 -0.47 -12.35
-54.10 -0.96 -15.65
-52.87 -4.40 -14.53
-51.12 -2.90 -11.49
-47.39 -2.18 -11.33
-44.29 -2.46 -9.19
-41.83 -0.22 -7.39
-38.12 -0.89 -7.84
-34.94 0.85 -6.73
-31.68 1.31 -8.60
-28.73 3.62 -7.96
-30.69 5.53 -5.30
-33.61 6.21 -7.67
-37.16 4.86 -7.44
-39.12 3.60 -10.44
-42.81 2.84 -10.60
-43.54 0.53 -13.57
-47.23 0.26 -14.58
-49.16 -2.06 -16.91
-50.61 0.81 -18.94
-52.23 4.23 -18.60
-54.75 4.66 -15.77
-53.03 3.70 -12.52
-50.58 5.13 -9.99
-48.49 4.56 -6.88
-47.76 6.46 -3.65
-44.60 6.83 -1.61
-45.13 7.85 2.00
-42.23 9.57 3.71
-41.47 10.23 7.34
-38.90 12.72 8.62
-36.74 12.28 11.69
-38.78 15.14 13.15
-41.97 13.06 12.73
-43.49 14.71 9.66
-45.56 12.42 7.40
-46.20 13.23 3.72
-47.21 11.32 0.58
-46.14 11.72 -3.03
-48.44 10.24 -5.68
-47.45 9.73 -9.31
-49.27 8.01 -12.15
-50.60 8.25 -15.66
-54.15 9.39 -16.43
-55.42 9.27 -20.03
-51.88 8.99 -21.35
-50.54 12.01 -19.46
-48.50 12.05 -16.24
-49.98 13.30 -12.99
-48.77 13.95 -9.45
-49.90 15.15 -6.03
-48.35 15.75 -2.62
-50.35 15.48 0.58
-48.90 16.91 3.74
-49.78 17.16 7.41
-50.75 13.49 7.58
-51.77 11.74 10.80
-50.22 8.37 11.61
-53.42 6.52 10.69
-53.49 8.10 7.19
-51.23 5.54 5.57
-50.46 5.35 1.84
-52.92 2.44 1.77
-55.61 4.94 2.80
-54.43 7.73 0.48
-53.80 5.95 -2.86
-57.44 4.81 -3.35
-58.72 8.32 -2.64
-57.68 9.27 -6.19
-60.22 6.79 -7.65
-63.86 5.64 -7.42
-64.98 9.27 -7.10
-62.81 9.77 -4.04
-61.91 13.18 -2.56
-58.58 13.46 -4.42
-59.73 12.29 -7.86
-59.81 15.94 -9.05
-56.04 16.23 -8.53
-55.32 13.18 -10.71
-57.57 14.61 -13.41
-55.43 17.75 -13.60
-52.57 15.72 -15.16
-49.96 17.97 -13.57
-46.35 17.88 -14.73
-45.36 20.02 -11.71
-46.85 20.62 -8.24
-45.71 22.79 -5.34
-46.99 22.78 -1.75
-45.64 23.84 1.61
-46.70 22.01 4.77
-48.03 23.07 8.17
-44.55 22.70 9.68
-42.93 24.74 6.87
-41.50 22.01 4.66
-41.50 22.88 0.97
-42.38 20.08 -1.46
-42.11 20.08 -5.21
-42.69 17.34 -7.77
-41.37 18.27 -11.20
-41.33 16.03 -14.22
-38.11 16.46 -16.23
-39.33 14.08 -18.91
-43.01 15.02 -19.29
-44.22 13.05 -22.33
-43.92 9.47 -23.52
-43.81 6.09 -21.74
-40.52 6.53 -19.85
-41.27 9.49 -17.56
-38.85 11.11 -15.10
-39.38 13.45 -12.20
-37.54 15.15 -9.36
-39.06 15.11 -5.89
-37.65 18.02 -3.90
-38.00 18.57 -0.13
-36.93 22.02 1.01
