7.38 25.71 35.65
8.10 28.22 32.82
5.55 28.15 29.95
6.58 28.33 26.30
4.70 28.58 23.02
5.83 28.20 19.49
4.99 29.09 15.84
6.73 28.96 12.55
6.39 29.49 8.80
8.12 28.86 5.52
10.36 25.95 4.56
13.64 27.60 5.92
11.88 27.76 8.50
11.54 30.86 10.61
10.70 30.01 14.23
9.29 32.25 16.96
9.21 31.04 20.53
7.58 32.97 23.40
8.34 32.32 27.02
6.37 33.29 30.15
8.61 33.48 33.16
7.58 35.30 36.29
4.94 37.46 34.60
7.44 37.29 28.02
10.69 37.12 25.90
10.78 36.18 22.19
13.55 33.98 20.70
13.88 33.70 16.88
15.65 31.61 14.18
15.70 32.42 10.47
18.12 29.61 9.46
21.60 31.41 14.93
18.99 31.88 17.66
18.49 35.57 18.70
16.23 37.71 20.93
13.27 39.35 19.16
11.36 42.63 19.70
8.45 40.98 21.72
8.41 41.94 25.38
4.93 42.07 27.17
3.37 41.10 30.62
1.70 37.69 30.93
1.72 34.32 32.88
0.77 32.10 29.89
0.90 32.48 26.14
-0.63 31.18 22.94
0.53 32.13 19.42
-0.60 31.54 15.83
0.70 32.89 12.59
-0.16 32.90 8.97
1.30 33.99 5.70
0.02 36.33 2.97
2.44 35.45 0.26
5.77 35.51 2.20
4.63 38.31 4.58
4.16 36.86 8.13
1.51 37.95 10.62
1.59 36.74 14.14
-0.78 37.01 17.18
0.35 36.41 20.74
-2.44 36.05 23.35
-0.98 36.98 26.74
-2.92 36.32 30.04
-2.59 37.41 33.69
-5.62 36.49 35.81
-8.81 36.44 33.70
-7.40 39.11 31.32
-6.38 37.98 27.83
-4.75 40.56 25.67
-3.85 40.05 22.03
-0.43 41.33 20.66
0.06 41.73 16.86
2.83 41.93 14.21
1.87 42.65 10.59
5.36 43.68 9.44
5.91 46.88 14.98
4.07 44.96 17.65
0.62 46.44 18.46
-5.22 43.99 18.92
-9.02 44.28 19.12
-9.51 40.85 20.98
-11.89 40.83 24.02
-13.04 37.85 26.14
-16.82 38.76 26.65
-19.70 39.51 24.14
-3.88 18.86 35.58
-2.01 17.42 32.58
-0.93 19.85 29.87
-1.15 18.97 26.21
0.11 20.62 23.01
-0.76 19.51 19.55
0.23 20.04 15.85
-0.69 18.42 12.55
-0.06 18.58 8.87
-1.52 17.48 5.59
-5.14 16.72 4.63
-5.30 13.05 5.92
-4.19 14.48 8.62
-1.31 13.39 10.80
-1.64 14.58 14.37
0.90 14.61 17.15
-0.29 15.07 20.68
2.40 15.56 23.39
1.43 15.40 27.04
3.31 16.81 30.09
2.42 14.61 33.17
4.53 14.16 36.32
7.66 15.73 34.74
6.30 14.16 28.07
4.92 11.30 25.86
3.96 11.52 22.13
0.53 10.21 20.69
0.23 9.94 16.84
-2.64 9.44 14.26
-2.10 9.03 10.50
-5.66 7.96 9.43
-6.18 4.56 15.06
-4.16 6.62 17.54
-0.69 5.20 18.53
2.32 5.88 20.75
5.26 7.90 19.44
9.10 7.60 19.80
9.16 10.90 21.74
9.86 10.46 25.45
11.48 13.55 27.14
11.37 15.17 30.65
9.39 18.43 30.99
6.25 19.57 32.89
5.40 22.03 30.07
5.36 21.54 26.32
4.88 23.42 23.05
5.18 22.36 19.44
5.30 23.57 15.87
5.77 21.57 12.71
6.50 22.43 9.11
6.44 20.57 5.86
9.10 20.49 3.09
7.06 18.98 0.26
5.60 15.96 2.06
8.38 15.63 4.69
7.44 16.68 8.26
9.78 18.36 10.71
8.63 18.80 14.28
10.06 20.87 17.18
9.01 20.14 20.73
9.69 22.79 23.45
10.19 20.89 26.73
10.64 23.05 29.93
11.22 22.25 33.61
12.04 25.14 35.98
13.42 28.00 33.79
15.19 25.52 31.48
13.80 24.99 27.92
15.14 22.12 25.72
14.19 21.82 22.04
13.75 18.28 20.56
13.71 17.88 16.77
12.18 15.30 14.38
13.56 15.75 10.82
12.90 12.41 9.21
15.30 10.31 14.99
14.56 12.81 17.70
17.61 15.04 18.67
18.08 21.26 19.38
20.61 24.22 19.44
17.93 26.53 21.05
18.80 28.63 24.10
16.43 31.07 25.82
19.15 33.83 26.38
21.44 36.09 24.17
-4.29 32.87 35.60
-6.45 31.55 32.70
-4.96 29.37 29.96
-5.33 29.98 26.25
-4.44 28.28 23.00
-4.91 29.51 19.45
-5.14 28.36 15.80
-5.97 30.07 12.57
-6.49 29.53 8.82
-6.66 31.34 5.54
-5.44 34.70 4.10
-8.61 36.17 5.53
-7.60 35.13 8.97
-10.16 33.30 10.91
-8.77 32.83 14.39
-10.14 30.73 17.15
-9.05 31.28 20.73
-9.85 28.74 23.47
-9.84 29.84 27.09
-9.70 27.40 29.98
-11.30 29.47 32.79
-12.26 27.82 36.08
-12.68 24.35 34.58
-13.60 26.37 27.98
-14.94 29.34 25.90
-14.21 29.76 22.18
-13.67 33.25 20.68
-13.90 33.59 16.88
-12.88 36.31 14.34
-13.66 36.05 10.56
-12.52 39.55 9.49
-15.62 41.76 15.02
-14.58 39.02 17.47
-17.55 36.82 18.58
-18.47 33.83 20.68
-18.43 30.40 19.04
-20.38 27.17 19.57
-17.41 25.66 21.57
-18.23 25.11 25.30
-16.64 21.99 27.04
-15.12 21.27 30.53
-11.34 21.37 31.17
-8.47 22.97 33.16
-6.08 23.09 30.13
-6.37 23.32 26.32
-4.38 22.80 23.08
-5.73 23.08 19.50
-4.79 22.48 15.85
-6.57 23.01 12.49
-6.24 21.95 8.85
-7.75 22.78 5.56
-9.19 20.53 2.90
-9.68 23.12 0.21
-11.51 26.02 1.99
-13.03 23.73 4.67
-11.52 23.99 8.23
-11.30 21.02 10.60
-10.36 21.85 14.14
-9.28 19.53 16.93
-9.33 20.73 20.52
-7.53 18.81 23.28
-9.21 19.47 26.67
-7.65 18.02 29.87
-8.76 17.77 33.56
-6.46 15.78 35.89
-4.83 12.99 33.83
-7.91 12.71 31.48
-7.51 14.30 28.01
-10.59 14.51 25.74
-10.70 15.59 22.11
-13.63 17.61 20.63
-13.76 17.55 16.87
-14.95 20.21 14.54
-15.42 19.18 10.86
-18.01 21.62 9.44
-21.13 20.27 14.92
-18.82 19.67 17.88
-18.73 15.97 18.87
-13.35 12.38 19.26
-11.70 8.92 19.47
-8.44 10.20 21.11
-7.09 8.12 24.00
-3.75 8.43 25.94
-2.65 4.72 26.17
-1.83 2.02 23.42
