138.66 73.36 -75.93
137.18 69.98 -74.98
134.07 68.77 -76.84
132.46 68.11 -73.45
133.37 71.62 -72.22
131.84 73.28 -75.29
128.68 71.20 -75.01
127.98 71.00 -71.28
128.54 73.63 -68.65
128.32 72.84 -64.96
126.21 75.52 -63.29
125.85 74.36 -59.69
127.76 75.90 -56.79
126.49 73.37 -54.26
128.29 70.08 -53.68
126.30 67.09 -54.99
123.58 65.82 -52.63
124.57 62.16 -52.64
122.21 59.13 -53.01
118.85 58.96 -51.27
118.07 55.24 -51.47
121.41 53.50 -51.91
121.46 49.69 -51.70
124.49 47.44 -51.18
124.62 43.72 -51.89
127.36 41.74 -50.19
128.30 38.68 -52.21
127.91 38.36 -55.96
127.13 34.67 -56.15
123.86 33.54 -57.78
121.77 34.76 -54.84
123.39 38.18 -54.64
123.15 38.85 -58.36
119.53 37.69 -58.50
118.80 40.20 -55.74
120.78 42.85 -57.62
118.94 42.30 -60.90
115.60 42.33 -59.05
116.36 45.60 -57.30
117.49 47.32 -60.52
114.67 46.07 -62.76
112.11 47.31 -60.22
113.64 50.83 -60.06
114.14 50.61 -56.29
117.47 52.41 -56.02
119.42 55.37 -57.35
122.78 53.71 -56.56
123.63 50.02 -56.31
126.91 48.91 -54.75
128.34 45.40 -54.97
131.10 44.02 -52.78
132.76 40.60 -52.64
136.20 39.01 -52.10
137.07 38.19 -55.73
138.21 41.14 -57.83
137.52 39.79 -61.34
134.07 38.31 -60.75
132.97 41.43 -58.89
134.24 43.66 -61.71
132.67 41.42 -64.35
129.18 41.49 -62.82
129.26 45.27 -62.38
130.39 45.81 -65.98
127.63 43.51 -67.30
124.96 45.45 -65.35
126.44 48.82 -66.34
126.18 47.88 -70.02
122.44 47.74 -69.48
122.20 51.31 -68.13
120.09 52.51 -71.08
117.33 50.19 -69.89
117.56 51.21 -66.23
116.68 54.11 -63.97
119.59 53.75 -61.58
122.08 56.62 -61.56
125.14 54.40 -60.98
126.34 50.89 -60.25
129.64 50.59 -58.38
131.67 47.61 -57.16
134.84 47.04 -55.15
136.45 44.76 -52.58
136.87 47.82 -50.37
133.77 48.57 -48.28
134.24 52.30 -48.69
132.30 51.83 -51.95
129.19 51.03 -49.90
129.14 54.37 -48.05
125.73 55.76 -47.09
123.66 52.71 -47.93
120.05 52.69 -46.71
119.85 48.91 -47.00
122.61 46.33 -47.06
121.68 42.85 -48.22
124.12 40.30 -46.79
124.35 37.01 -48.68
127.99 36.10 -48.02
128.61 32.81 -46.26
130.69 29.67 -45.90
130.33 26.85 -48.44
129.19 23.68 -46.65
131.46 20.64 -46.23
130.47 16.97 -46.01
131.05 15.34 -42.62
130.91 18.73 -40.91
129.09 19.50 -37.66
126.38 22.15 -37.47
128.51 24.07 -34.99
131.58 24.19 -37.19
129.49 25.47 -40.13
127.85 28.22 -38.08
131.19 29.30 -36.56
132.80 29.42 -39.97
130.01 31.83 -40.94
130.56 33.89 -37.77
134.26 34.13 -38.62
133.25 35.61 -41.97
130.79 38.05 -40.38
133.36 39.36 -37.87
135.28 40.84 -40.79
132.21 41.90 -42.80
129.81 43.43 -40.25
132.17 46.04 -38.80
133.26 47.10 -42.29
129.64 47.77 -43.30
128.82 49.75 -40.17
131.97 51.85 -40.49
130.74 53.29 -43.82
126.96 53.10 -43.31
126.27 53.57 -39.56
122.62 54.33 -40.33
121.86 51.39 -42.61
119.33 48.61 -42.21
120.97 45.19 -42.40
119.05 42.53 -44.31
120.63 39.14 -43.66
119.85 36.37 -46.15
122.81 34.02 -45.53
121.96 30.64 -43.94
121.30 29.69 -41.21
119.47 33.01 -41.33
117.96 32.96 -37.80
121.26 32.40 -36.01
123.26 34.57 -38.44
120.84 37.49 -38.04
121.39 37.27 -34.26
125.15 37.28 -34.87
124.90 40.36 -37.12
122.85 42.07 -34.44
125.50 41.43 -31.75
128.44 42.29 -34.03
126.79 45.38 -35.53
125.81 47.00 -32.24
122.75 48.23 -34.14
119.32 48.52 -32.50
116.99 45.59 -33.23
114.80 47.54 -35.69
117.69 47.83 -38.13
118.82 44.20 -38.30
116.45 41.94 -40.20
116.60 38.33 -41.34
114.90 37.09 -44.51
113.55 34.23 -42.42
110.36 32.63 -43.73
109.52 35.40 -46.19
110.12 33.20 -49.25
108.76 30.04 -47.63
105.50 31.89 -47.00
105.53 33.09 -50.62
106.18 29.54 -51.79
103.28 28.35 -49.64
100.93 30.97 -51.12
102.11 29.92 -54.60
101.40 26.23 -53.94
98.07 27.12 -52.37
97.30 29.24 -55.42
98.10 26.44 -57.83
95.85 24.22 -55.71
92.81 26.52 -55.72
93.39 27.97 -59.17
93.89 31.60 -58.17
96.70 34.17 -57.97
99.04 33.74 -54.97
98.37 37.30 -53.85
94.77 36.26 -53.08
95.79 33.19 -51.09
96.75 33.99 -47.54
98.88 31.74 -45.37
101.75 32.17 -42.95
104.80 30.01 -42.32
106.66 31.18 -39.22
109.34 30.21 -36.72
112.66 28.61 -37.54
113.44 28.79 -41.26
113.36 25.34 -42.81
112.21 21.92 -41.58
111.00 23.17 -38.20
108.97 26.08 -39.55
105.31 26.34 -38.51
102.38 26.71 -40.92
99.63 28.60 -39.08
96.57 26.76 -40.36
94.19 29.14 -38.57
95.27 31.98 -40.85
94.98 30.17 -44.20
92.19 31.91 -46.10
90.85 33.40 -49.34
88.84 36.62 -49.12
88.73 36.15 -45.35
87.20 32.67 -45.51
88.92 30.33 -43.00
89.88 27.16 -44.85
90.31 25.48 -41.45
86.73 26.48 -40.80
85.68 24.39 -43.82
88.00 21.54 -42.85
88.93 21.47 -39.15
91.12 18.38 -39.72
93.29 20.56 -41.97
96.96 19.89 -41.35
96.47 16.85 -39.09
96.46 13.07 -39.64
92.68 13.19 -40.02
93.12 15.66 -42.88
91.72 13.98 -45.97
93.06 16.62 -48.36
96.57 16.30 -46.87
97.44 20.00 -46.53
100.51 18.98 -44.55
102.04 17.91 -47.85
101.83 21.52 -49.01
103.96 22.69 -46.08
106.28 19.75 -46.64
106.64 20.84 -50.29
107.59 24.31 -49.09
110.37 23.11 -46.80
111.58 20.72 -49.53
111.53 23.43 -52.24
115.16 24.58 -52.06
116.33 20.96 -51.96
114.36 20.08 -55.11
115.52 23.10 -57.10
119.07 22.40 -55.94
119.17 18.85 -57.26
117.60 19.92 -60.58
119.64 22.98 -61.55
122.39 22.97 -58.92
121.35 25.96 -56.83
118.45 28.36 -56.18
118.51 32.08 -56.87
115.54 33.66 -58.67
112.85 33.23 -55.99
115.21 34.43 -53.27
116.19 37.42 -55.38
112.58 38.43 -55.94
111.92 37.92 -52.22
114.76 40.23 -51.13
113.73 42.93 -53.62
110.21 42.75 -52.17
111.57 43.33 -48.64
113.77 46.20 -49.88
110.80 47.94 -51.48
108.80 47.94 -48.24
111.83 49.35 -46.46
112.95 51.90 -49.07
109.43 53.20 -49.70
108.39 53.20 -46.03
105.32 51.08 -46.81
104.84 49.74 -43.27
103.87 46.44 -44.90
103.58 43.12 -43.06
106.25 40.49 -43.87
107.18 37.24 -42.14
110.78 38.11 -41.18
113.37 36.97 -38.66
113.61 39.22 -35.61
114.25 39.01 -31.85
111.42 37.09 -30.20
112.54 36.79 -26.56
109.39 37.25 -24.50
106.97 35.98 -27.16
105.14 32.66 -27.15
107.27 31.45 -24.24
110.70 32.03 -25.75
113.05 33.20 -22.98
116.41 33.58 -24.67
117.71 36.13 -27.15
117.00 34.27 -30.38
115.67 35.34 -33.77
112.74 33.51 -35.35
110.26 34.51 -38.06
107.01 36.27 -37.20
104.90 38.85 -39.04
106.52 42.31 -38.71
105.87 45.78 -40.09
108.71 47.16 -42.28
109.51 50.73 -43.35
112.41 53.18 -43.70
112.95 52.98 -39.94
113.29 49.23 -40.32
111.36 46.60 -38.39
109.29 48.89 -36.17
106.44 46.60 -35.06
105.77 42.92 -34.51
102.37 41.26 -34.84
101.24 38.98 -32.04
99.51 36.00 -33.59
97.25 33.96 -31.39
98.83 30.53 -31.75
97.80 27.08 -30.53
99.82 25.91 -27.51
101.11 23.20 -29.90
102.33 25.79 -32.37
104.11 27.71 -29.58
105.74 24.46 -28.42
107.55 24.15 -31.75
108.70 27.77 -31.47
110.09 27.15 -27.98
111.81 23.95 -29.08
113.41 25.94 -31.93
114.44 28.75 -29.62
116.10 26.19 -27.36
117.89 24.54 -30.29
119.12 27.92 -31.52
120.25 29.13 -28.08
122.11 25.87 -27.62
124.23 26.67 -30.65
124.68 30.37 -29.91
126.23 29.76 -26.45
128.89 27.55 -28.06
129.88 30.22 -30.61
132.86 32.59 -30.36
131.96 36.15 -31.39
109.57 62.30 -102.59
108.52 63.61 -99.17
110.88 63.60 -96.18
108.86 60.69 -94.77
109.07 58.65 -97.98
112.82 59.30 -98.12
113.42 58.57 -94.44
111.10 55.63 -93.70
110.40 52.62 -95.88
107.50 50.25 -95.26
108.81 46.69 -95.58
105.80 44.62 -94.48
103.41 43.01 -97.00
101.28 41.44 -94.28
98.08 42.94 -92.83
98.60 44.87 -89.55
97.87 42.73 -86.48
95.46 44.95 -84.56
95.38 45.77 -80.80
95.97 43.09 -78.17
94.74 44.80 -75.00
92.43 47.57 -76.18
90.29 49.35 -73.59
87.29 51.63 -74.21
85.85 54.12 -71.72
82.25 55.24 -72.30
81.64 58.66 -70.78
84.51 61.08 -70.38
83.20 62.88 -67.32
85.42 63.03 -64.24
84.97 59.33 -63.36
85.61 58.24 -66.93
88.74 60.37 -67.18
90.08 59.29 -63.78
89.80 55.69 -64.93
91.35 56.49 -68.32
94.25 58.37 -66.76
94.86 55.51 -64.29
94.84 52.96 -67.09
97.35 54.96 -69.15
99.81 55.72 -66.34
99.91 52.05 -65.34
100.72 50.99 -68.95
97.78 48.58 -69.22
96.58 49.12 -72.79
98.05 49.33 -76.27
95.03 51.35 -77.48
92.59 53.51 -75.51
89.22 54.40 -77.05
86.99 57.14 -75.64
83.33 57.86 -76.45
80.73 60.36 -75.24
77.69 62.23 -76.55
79.27 65.57 -75.63
81.53 65.86 -78.71
83.57 68.96 -77.84
84.39 67.75 -74.32
85.34 64.34 -75.72
87.66 65.83 -78.35
89.33 68.04 -75.76
90.04 65.23 -73.31
91.41 62.95 -76.01
93.52 65.80 -77.36
94.79 66.64 -73.87
95.75 62.98 -73.33
97.39 62.49 -76.73
99.72 65.40 -76.04
101.34 63.39 -73.26
102.17 60.47 -75.57
105.89 60.91 -75.03
105.36 60.00 -71.37
103.22 56.92 -72.10
103.63 53.43 -73.52
100.30 53.41 -75.34
100.34 53.05 -79.12
97.34 55.29 -79.77
94.48 57.16 -78.08
91.30 57.44 -80.19
87.98 59.24 -79.68
84.71 59.73 -81.54
80.92 59.97 -81.38
80.62 56.89 -83.62
81.10 53.60 -81.73
83.08 52.08 -84.61
86.10 53.65 -82.92
85.75 51.08 -80.10
86.10 48.02 -82.34
87.95 45.03 -80.88
88.08 46.17 -77.24
89.04 43.62 -74.57
87.40 45.65 -71.82
84.76 48.38 -71.97
84.22 50.57 -68.91
80.74 52.14 -68.80
80.51 55.34 -66.72
77.66 57.00 -68.62
74.30 57.49 -66.96
71.21 59.63 -66.58
71.47 62.91 -64.73
69.15 62.56 -61.74
66.22 64.96 -61.39
64.03 66.79 -58.87
62.11 64.32 -56.68
62.02 61.63 -59.39
61.17 58.07 -58.33
64.02 55.57 -58.24
62.24 53.39 -60.81
62.09 56.31 -63.22
65.76 57.15 -62.70
66.68 53.55 -63.38
64.37 53.44 -66.41
65.97 56.64 -67.71
69.36 54.95 -67.43
67.99 51.83 -69.07
66.97 53.97 -72.03
70.47 55.36 -72.23
71.90 51.81 -72.17
69.50 50.70 -74.91
71.65 52.77 -77.25
75.14 52.31 -75.77
75.17 48.56 -75.03
74.06 47.30 -78.47
76.55 49.65 -80.15
79.37 48.34 -77.96
78.52 44.71 -78.74
78.28 45.41 -82.49
81.96 46.40 -82.68
83.37 44.27 -79.84
81.33 41.05 -79.53
84.05 39.31 -77.48
84.53 42.08 -74.95
84.03 42.25 -71.22
81.76 44.99 -69.93
82.71 46.71 -66.70
79.80 48.82 -65.46
80.61 51.64 -63.03
77.39 53.70 -63.52
75.20 54.12 -60.43
73.13 52.36 -59.24
75.79 49.79 -60.16
74.14 46.53 -59.04
70.92 47.01 -61.01
72.62 48.71 -63.95
75.01 45.76 -64.31
71.93 43.54 -64.51
70.53 45.79 -67.23
73.78 45.71 -69.22
73.80 41.92 -68.92
70.23 41.69 -70.21
70.63 44.11 -73.13
73.99 42.71 -74.24
73.15 39.01 -74.43
76.65 38.16 -73.20
77.27 35.25 -70.81
77.51 36.21 -67.12
81.30 35.93 -67.04
81.63 38.90 -69.37
79.45 41.49 -67.61
80.83 42.88 -64.34
79.92 45.68 -61.97
82.47 47.61 -59.94
80.20 46.79 -57.03
81.93 47.24 -53.68
85.46 47.04 -55.03
86.22 50.60 -53.93
84.25 50.45 -50.68
86.34 47.45 -49.60
89.47 49.41 -50.55
88.15 52.33 -48.47
87.56 49.93 -45.58
91.09 48.56 -45.83
92.46 52.12 -45.97
90.69 53.27 -42.81
91.58 49.98 -41.15
95.16 50.76 -42.13
95.14 54.28 -40.70
93.73 52.92 -37.45
96.35 50.15 -37.09
99.23 52.11 -38.59
100.02 49.70 -41.42
99.68 49.70 -45.22
96.14 48.92 -46.44
97.45 45.99 -48.50
98.23 44.28 -45.18
94.81 44.86 -43.69
92.20 42.43 -44.88
88.50 43.10 -44.75
85.57 42.65 -47.10
82.51 44.79 -47.75
79.96 42.88 -49.83
76.33 42.97 -50.80
74.57 45.95 -52.33
76.81 48.90 -53.15
75.91 51.71 -50.78
74.37 52.22 -47.34
73.13 48.61 -47.22
76.55 47.03 -47.88
77.77 44.29 -45.54
81.07 44.38 -43.63
82.07 40.76 -42.97
83.62 41.10 -39.49
84.80 37.47 -39.36
87.29 38.12 -42.15
88.96 41.24 -40.81
92.56 40.30 -40.08
96.22 41.24 -40.20
98.66 38.45 -41.09
95.86 35.90 -40.68
94.93 37.03 -37.16
91.26 37.97 -37.03
90.33 40.97 -34.97
86.91 39.56 -34.16
88.73 36.79 -32.31
90.49 39.42 -30.21
87.23 41.35 -29.80
84.18 39.05 -30.28
81.88 42.10 -29.94
83.50 43.83 -32.93
80.85 45.55 -35.05
78.05 45.54 -32.46
76.75 48.06 -29.90
78.75 46.17 -27.27
81.97 47.09 -29.11
84.36 49.11 -26.95
86.07 50.38 -30.10
83.06 50.96 -32.35
84.29 49.31 -35.54
80.79 49.75 -36.96
81.68 53.43 -37.43
84.54 52.49 -39.78
82.04 50.87 -42.13
79.80 53.87 -41.59
82.59 56.12 -42.88
83.05 53.87 -45.91
79.41 54.26 -46.94
79.49 58.03 -46.26
82.80 58.64 -48.09
81.46 59.65 -51.51
79.03 62.06 -49.86
81.74 63.65 -47.68
84.04 64.14 -50.68
81.22 65.69 -52.74
80.35 68.04 -49.85
83.96 69.18 -49.95
84.62 69.44 -53.69
81.44 68.81 -55.66
82.39 65.50 -57.27
84.24 62.24 -56.58
86.64 60.57 -59.03
90.27 59.68 -58.21
89.60 56.69 -55.93
87.06 55.24 -58.37
89.55 55.61 -61.22
92.28 53.69 -59.41
89.78 50.99 -58.46
88.60 50.56 -62.09
92.21 50.42 -63.34
92.93 47.83 -60.64
90.04 45.70 -61.97
91.21 46.13 -65.57
94.71 45.01 -64.66
93.44 41.67 -63.37
91.26 41.24 -66.44
93.79 42.29 -69.12
96.72 40.37 -67.60
94.62 37.28 -66.77
95.79 37.47 -63.15
92.96 35.37 -61.73
92.84 37.71 -58.71
90.06 37.95 -56.15
88.04 41.18 -56.16
84.72 42.01 -54.55
82.64 42.81 -57.65
78.99 42.80 -58.66
77.81 39.61 -60.38
74.79 37.29 -60.62
74.17 35.95 -57.12
70.96 34.04 -57.85
71.18 30.77 -55.94
73.67 32.07 -53.38
73.04 32.77 -49.71
69.30 32.21 -49.96
68.97 34.64 -52.88
66.61 33.22 -55.50
65.93 36.34 -57.58
67.90 37.29 -60.69
69.92 40.12 -59.14
73.53 41.28 -59.08
75.33 41.86 -55.78
79.00 42.09 -54.77
80.77 38.93 -53.61
84.45 37.98 -53.94
85.16 36.81 -57.51
88.15 35.63 -59.55
88.95 37.91 -62.52
91.01 37.08 -65.59
90.95 37.46 -69.39
87.89 35.22 -69.67
86.12 37.57 -67.28
84.51 36.63 -63.99
85.22 32.91 -64.12
84.82 31.98 -60.45
82.84 33.00 -57.41
83.93 32.58 -53.81
81.25 31.28 -51.47
81.75 33.04 -48.16
80.97 31.53 -44.77
78.36 34.02 -43.61
76.28 34.37 -40.47
72.50 34.18 -40.52
72.35 37.94 -39.93
74.64 38.54 -42.88
72.84 36.26 -45.36
69.67 38.07 -44.31
70.92 41.51 -45.26
71.80 40.10 -48.68
68.37 38.52 -49.14
66.81 41.87 -48.24
68.92 43.87 -50.68
68.12 41.37 -53.42
64.37 41.85 -52.79
64.78 45.63 -53.10
66.70 45.41 -56.36
64.27 42.91 -57.83
61.49 45.22 -56.72
62.77 47.79 -59.19
63.91 45.31 -61.84
60.52 43.64 -62.31
59.03 47.05 -63.24
61.62 47.89 -65.91
61.02 47.74 -69.67
64.18 46.38 -71.28
