23.57 19.53 44.22
24.39 18.62 43.32
25.84 18.62 43.80
26.39 20.03 43.98
25.43 20.86 44.81
25.91 22.31 44.95
23.06 16.90 42.34
22.59 15.48 42.16
23.89 17.22 43.33
23.73 19.05 45.53
26.66 17.96 42.83
27.68 20.09 44.59
24.15 20.84 44.16
26.10 22.90 43.66
22.65 17.75 41.58
25.06 17.22 52.93
25.80 16.89 54.06
26.15 15.57 54.13
25.85 14.55 53.20
25.11 15.00 52.08
24.74 16.26 51.98
26.12 17.67 54.95
26.24 13.42 53.40
24.57 18.61 52.74
25.14 19.35 51.56
26.36 20.02 51.92
24.03 20.39 51.27
22.78 19.60 51.62
23.19 18.60 52.60
24.13 21.60 52.04
22.13 18.92 50.45
23.19 18.25 49.74
22.79 17.29 48.53
23.99 16.62 47.99
21.68 16.39 48.89
22.16 18.38 47.46
22.82 19.61 46.77
21.68 20.44 46.32
23.75 20.32 47.69
