-4.79 7.15 22.49
-1.39 8.66 21.75
1.33 7.71 24.18
3.80 9.57 26.29
7.40 8.38 26.11
9.21 8.46 29.45
12.97 8.19 29.27
14.86 7.09 32.36
11.45 6.12 33.76
12.78 3.43 36.15
14.68 5.92 38.30
13.70 7.95 41.30
11.73 10.76 39.80
10.75 8.87 36.66
9.14 5.99 38.53
7.07 8.34 40.62
6.10 10.21 37.46
5.08 7.00 35.66
2.80 6.29 38.59
1.20 9.75 38.37
0.80 9.45 34.66
-0.93 6.07 35.02
-3.29 7.43 37.66
-4.07 10.44 35.59
-5.19 8.42 32.65
-2.08 8.72 30.48
-0.47 5.75 28.57
3.27 5.74 29.09
5.90 3.86 27.23
9.00 3.69 29.37
12.64 3.22 28.48
15.71 2.77 30.70
19.16 1.21 30.41
19.50 0.28 34.07
22.44 2.59 34.52
21.01 3.65 37.86
17.98 1.41 38.37
17.53 -2.04 39.81
16.50 -4.93 37.72
13.46 -6.77 38.89
13.02 -10.50 38.89
11.19 -10.11 35.56
11.57 -7.82 32.52
10.41 -4.75 34.47
12.64 -2.73 36.67
11.55 -3.46 40.24
10.38 0.11 40.73
8.05 -0.20 37.77
6.86 -3.62 38.68
5.69 -2.12 41.95
4.14 0.84 40.11
2.16 -1.65 38.08
0.88 -3.23 41.29
0.15 0.07 43.01
-1.91 1.36 40.08
-3.29 -1.87 38.80
-2.28 -0.65 35.36
0.24 -2.07 32.92
3.56 -0.45 32.35
4.86 -0.62 28.77
8.63 -0.89 29.02
11.72 -1.45 26.90
15.24 -1.77 28.09
17.11 0.69 25.91
19.84 3.34 25.91
19.00 6.77 24.54
22.36 6.58 22.83
21.19 3.62 20.72
20.11 5.33 17.59
18.61 2.34 15.87
16.58 1.28 18.93
15.27 4.75 19.55
14.31 5.20 15.89
12.38 1.88 15.88
10.60 2.93 19.08
9.40 6.19 17.58
8.35 4.34 14.46
6.40 1.75 16.45
4.43 4.20 18.56
2.63 7.48 18.05
3.85 9.60 20.89
2.15 12.84 21.70
4.94 13.95 24.03
8.24 12.92 25.57
9.26 13.35 29.25
13.04 13.19 29.34
14.58 11.98 32.66
17.35 9.86 31.27
20.84 10.99 32.03
23.79 10.93 34.40
23.59 12.90 37.59
26.53 13.56 39.69
27.47 11.26 42.48
30.09 13.93 42.95
31.51 12.44 39.72
30.94 14.99 36.93
33.99 17.14 37.64
36.15 14.00 37.02
34.38 12.49 33.91
33.30 15.41 31.79
33.04 13.43 28.55
30.65 10.93 30.11
28.33 13.75 31.07
28.70 15.44 27.67
28.07 12.19 25.86
25.13 10.91 27.89
23.40 14.17 28.66
24.32 16.35 25.71
24.70 14.00 22.76
21.98 11.78 24.19
19.50 14.63 24.27
20.56 15.99 20.85
19.92 12.54 19.42
16.55 12.29 21.15
15.55 15.70 19.81
16.63 14.74 16.29
14.66 11.45 16.43
11.69 13.29 17.84
11.73 15.83 15.02
12.15 13.19 12.35
9.10 11.35 13.74
6.94 14.43 14.00
7.00 14.56 17.85
7.64 18.13 18.95
6.38 18.18 22.50
8.92 17.79 25.28
9.17 17.93 29.08
12.82 18.20 30.17
14.42 17.43 33.51
16.45 20.51 34.37
17.89 21.61 37.69
18.39 24.56 39.99
22.13 23.93 39.43
21.83 25.83 36.17
21.59 29.04 38.27
25.13 28.47 39.51
26.10 30.15 42.81
23.00 32.20 43.74
23.45 35.90 43.15
20.31 36.51 45.07
17.44 34.67 46.72
14.94 33.33 46.24
15.89 32.06 42.74
13.35 33.08 40.17
13.43 31.90 36.56
14.99 35.23 35.56
18.06 34.64 37.73
21.13 34.29 35.51
22.00 30.81 34.22
25.14 29.05 33.15
27.59 30.78 35.48
28.99 27.98 37.67
30.82 24.84 38.48
30.52 21.34 37.05
30.10 19.35 33.89
26.82 18.02 35.13
25.34 21.48 35.69
26.87 22.71 32.42
25.31 19.84 30.52
21.88 20.86 31.85
22.46 24.49 30.92
23.68 23.67 27.39
20.58 21.49 26.95
18.22 24.24 28.02
20.00 26.57 25.64
19.69 24.19 22.76
16.01 23.71 23.35
15.44 27.45 23.63
17.01 27.82 20.16
15.07 25.01 18.71
11.82 26.61 19.88
12.99 29.97 18.59
13.64 28.51 15.13
10.53 26.39 14.90
7.39 27.75 16.52
5.76 24.38 16.21
7.83 22.99 19.06
6.50 23.06 22.58
8.87 22.34 25.46
8.59 22.70 29.18
11.93 22.90 31.00
11.53 22.01 34.70
14.23 23.16 37.03
13.91 20.84 39.94
15.13 21.83 43.35
15.98 19.05 45.91
13.60 16.10 45.44
12.87 14.03 48.54
10.33 11.75 50.07
8.53 8.81 48.44
5.18 7.51 47.32
2.85 7.26 50.32
2.56 3.49 49.94
6.19 3.19 51.08
6.67 0.67 48.23
8.89 2.79 46.02
11.45 5.49 46.72
15.01 6.57 46.13
17.21 3.56 45.85
20.79 4.61 45.95
23.55 2.13 45.21
26.40 2.28 47.65
27.08 5.20 49.96
24.60 7.94 49.19
26.02 11.26 48.02
22.81 13.16 48.73
21.64 14.18 52.15
18.31 12.60 52.79
19.08 9.01 51.90
22.14 9.22 54.12
20.00 10.56 56.92
17.42 7.85 56.55
20.15 5.22 56.41
21.47 6.46 59.73
18.00 6.49 61.23
17.38 2.93 60.00
20.64 1.88 61.66
22.71 1.12 58.56
25.08 4.01 59.18
26.40 5.25 62.48
26.40 9.04 62.00
25.67 11.71 59.41
28.70 13.58 58.13
27.70 17.23 57.97
29.66 18.98 55.19
30.59 22.22 56.88
28.82 24.38 59.42
30.52 27.68 58.73
28.34 28.82 55.87
26.60 32.19 55.99
23.25 30.74 57.05
21.29 30.78 60.31
22.89 27.62 61.69
26.00 27.53 59.50
24.77 24.53 57.56
23.63 24.45 53.96
20.11 25.48 53.14
18.05 23.90 50.38
14.54 23.83 49.01
13.41 20.19 49.58
10.44 19.18 47.50
8.34 16.05 47.78
8.97 13.72 44.85
5.22 13.18 44.56
4.61 16.91 44.10
7.45 16.99 41.62
5.94 14.06 39.71
2.58 15.80 39.58
4.30 18.89 38.18
5.04 16.75 35.12
1.35 16.20 34.53
0.84 19.91 34.68
3.68 20.22 32.18
1.87 17.92 29.72
-1.23 20.05 30.02
0.89 23.11 29.32
2.19 21.51 26.12
-1.40 21.07 24.94
-1.78 24.84 25.03
0.87 25.06 22.32
2.97 26.99 24.75
6.23 27.11 22.88
9.27 27.09 25.13
8.43 27.60 28.86
10.73 27.33 31.89
9.57 26.71 35.47
11.14 26.09 38.84
9.76 23.09 40.68
10.34 23.81 44.34
8.40 24.71 47.49
9.91 28.15 48.07
10.96 27.11 51.61
14.61 26.42 52.50
15.68 24.04 55.33
19.14 23.56 56.71
20.98 20.30 57.13
20.33 20.37 60.89
16.72 21.14 60.30
16.36 18.10 58.06
18.09 15.90 60.67
15.67 17.10 63.26
12.67 16.49 61.08
13.93 12.96 60.42
14.38 12.31 64.14
10.84 13.37 64.55
9.56 11.17 61.71
11.58 8.14 62.58
11.28 8.38 66.34
15.04 7.74 66.42
17.98 9.85 67.42
20.17 10.77 64.41
23.79 11.31 65.26
26.12 13.39 63.15
29.54 14.85 62.88
30.66 18.02 61.25
33.33 17.53 58.66
35.02 19.61 55.99
33.07 21.53 53.40
32.24 19.72 50.16
33.90 21.18 47.10
31.55 23.54 45.23
28.71 23.46 47.75
26.59 26.59 47.88
25.51 28.15 51.12
21.84 28.48 50.38
19.49 27.77 47.54
15.71 27.96 47.34
13.11 28.71 44.71
10.65 31.39 43.87
7.72 29.08 43.03
5.28 31.75 41.79
5.67 31.30 38.04
4.82 27.66 38.28
1.83 28.37 40.45
0.66 30.97 38.04
1.40 29.49 34.63
1.62 25.86 35.37
-1.37 25.75 37.67
0.76 23.75 40.09
1.99 23.98 43.63
3.96 21.77 45.97
1.28 20.55 48.38
3.38 18.40 50.70
5.25 19.77 53.63
8.39 18.90 55.51
6.79 16.37 57.88
5.10 14.57 55.01
8.39 14.34 53.13
10.09 12.95 56.20
7.33 10.58 57.08
7.14 9.23 53.52
10.87 8.85 53.32
10.88 6.97 56.59
8.10 4.64 55.53
9.95 3.63 52.35
13.17 3.23 54.31
11.68 1.22 57.10
9.64 -1.02 54.90
12.64 -1.53 52.58
15.69 -1.51 54.73
17.92 -2.40 51.87
16.10 -0.66 49.07
14.64 -2.59 46.16
15.01 -6.35 46.00
13.58 -8.91 43.61
10.36 -10.62 44.65
10.68 -13.51 47.04
53.36 9.84 17.40
54.13 11.64 14.17
51.14 12.61 12.14
48.78 15.51 12.68
45.15 14.83 12.06
43.36 17.70 10.32
39.59 17.52 10.39
37.68 19.53 7.73
41.08 20.01 6.05
39.53 20.42 2.65
37.85 23.68 3.68
38.98 27.24 3.36
41.08 27.63 6.48
41.93 23.95 6.71
43.36 23.74 3.17
45.63 26.70 3.80
46.71 25.15 7.07
47.45 21.79 5.43
49.70 23.73 3.03
51.47 25.42 5.87
51.87 22.11 7.67
53.47 20.49 4.67
55.79 23.39 4.14
56.88 23.32 7.73
57.71 19.63 7.57
54.69 18.16 9.29
52.83 15.06 8.13
49.16 15.73 7.93
46.34 13.29 7.62
43.19 14.99 6.46
39.60 14.00 6.79
36.54 15.66 5.28
33.06 14.66 4.26
32.73 17.15 1.36
29.84 18.88 3.03
31.38 22.20 2.02
34.30 21.16 -0.18
34.57 20.57 -3.87
35.46 17.18 -5.17
38.20 17.04 -7.81
38.58 14.38 -10.54
40.41 11.99 -8.18
40.47 10.98 -4.55
41.45 14.37 -3.18
39.23 17.39 -2.84
40.26 19.96 -5.47
41.67 22.25 -2.81
43.97 19.55 -1.55
44.86 18.37 -5.03
46.07 21.89 -5.58
47.90 22.04 -2.28
49.72 18.89 -3.25
50.70 20.44 -6.57
51.78 23.63 -4.86
53.90 22.05 -2.22
55.15 19.14 -4.21
54.28 17.02 -1.10
51.77 14.26 -0.74
48.45 14.77 0.94
47.14 11.82 2.94
43.39 11.98 2.90
40.37 9.95 3.96
36.81 10.79 3.05
34.76 10.45 6.21
32.43 12.09 8.70
33.42 12.96 12.28
29.96 11.70 13.25
30.92 8.23 12.19
32.24 6.43 15.26
33.28 3.37 13.29
35.27 5.38 10.80
36.92 7.33 13.60
37.96 4.09 15.24
39.40 2.76 12.07
41.21 5.99 11.47
42.85 6.11 14.85
43.91 2.49 14.54
45.49 3.08 11.14
47.51 6.18 12.01
49.53 7.21 15.02
48.65 10.79 15.70
50.49 13.20 17.94
47.86 15.96 17.63
44.57 16.95 16.06
43.58 20.25 14.46
39.83 20.42 14.41
38.31 22.52 11.64
35.32 20.33 10.76
31.96 21.79 11.47
29.07 23.80 10.09
29.37 27.54 9.72
26.57 29.80 9.28
25.45 30.16 5.82
23.30 32.73 7.88
21.54 29.41 8.68
22.27 28.58 12.34
19.36 30.58 13.69
17.05 28.45 11.54
18.44 24.91 11.91
19.73 24.40 15.40
19.78 20.58 15.32
22.15 20.41 12.41
24.58 22.72 14.13
24.30 21.02 17.47
24.71 17.60 15.87
27.72 18.39 13.75
29.45 20.84 15.99
28.62 19.51 19.43
28.09 15.80 18.91
30.79 15.70 16.29
33.36 17.37 18.51
32.42 15.20 21.54
32.83 12.02 19.43
36.21 13.30 18.35
37.34 14.09 21.84
36.26 10.62 22.96
38.30 8.86 20.34
41.23 11.08 21.05
40.96 10.20 24.69
40.55 6.49 23.82
43.75 6.50 21.80
45.74 8.68 24.09
45.95 11.54 21.56
45.38 14.35 24.10
46.62 17.29 22.03
44.15 19.48 20.26
43.99 22.75 18.32
40.43 24.00 18.01
38.80 26.44 15.55
37.02 28.91 17.79
35.74 32.41 16.93
35.54 35.95 18.16
31.77 35.42 18.12
32.16 33.83 21.55
32.70 37.28 23.03
29.18 38.27 22.06
28.35 41.97 21.73
31.59 43.74 22.57
31.64 45.38 25.96
34.91 47.10 25.14
37.40 47.14 22.26
39.82 45.76 21.42
38.70 42.33 22.57
41.19 40.58 24.78
40.95 36.98 25.90
39.73 38.19 29.30
36.58 39.76 27.84
33.41 37.92 28.89
32.34 34.98 26.78
29.03 33.26 26.31
25.70 34.88 25.71
26.39 34.30 22.04
24.20 35.45 19.28
23.35 32.20 17.61
23.23 28.47 17.73
26.49 28.61 15.78
28.27 30.98 18.16
26.72 29.19 21.10
28.05 25.97 19.75
31.57 27.49 19.69
31.31 28.69 23.30
29.88 25.35 24.43
32.78 23.54 22.82
35.37 25.81 24.47
33.71 25.13 27.79
33.71 21.36 27.29
37.36 21.45 26.39
38.15 23.52 29.43
36.39 20.94 31.59
38.25 18.18 29.93
41.60 19.82 30.61
40.64 20.43 34.21
39.71 16.82 34.72
42.80 15.38 33.05
45.94 17.36 33.42
47.56 15.32 30.65
45.49 17.05 27.99
46.81 20.09 26.15
44.44 22.19 24.07
44.84 25.43 22.18
41.59 27.25 21.50
42.02 29.77 18.64
39.45 32.54 18.38
39.59 33.56 14.76
38.50 37.01 13.82
37.46 37.62 10.14
39.49 35.40 7.85
40.12 36.72 4.38
42.57 36.55 1.58
44.11 33.50 -0.09
47.39 31.76 -0.74
49.75 33.99 -2.78
49.62 31.55 -5.64
46.02 32.43 -6.39
45.37 28.67 -6.79
43.24 28.12 -3.69
40.91 30.30 -1.66
37.42 30.47 -0.22
34.93 28.71 -2.51
31.44 29.64 -1.37
28.40 28.09 -2.99
25.51 30.40 -3.87
25.15 33.94 -2.65
27.96 34.53 -0.19
26.99 35.45 3.39
30.38 37.02 4.24
31.45 40.45 3.10
34.70 39.75 1.28
33.56 37.07 -1.12
30.53 39.15 -1.89
32.74 42.11 -2.60
35.06 40.05 -4.85
32.03 38.67 -6.71
30.77 42.19 -7.41
34.22 43.13 -8.72
34.44 40.11 -11.02
30.95 40.92 -12.30
29.11 38.05 -10.76
27.02 40.39 -8.56
25.51 43.74 -9.50
26.27 45.56 -6.30
27.15 45.11 -2.70
24.38 45.55 -0.15
25.81 47.47 2.83
24.05 46.35 6.00
23.50 49.78 7.60
25.55 52.96 7.75
24.33 54.28 11.04
26.50 52.51 13.47
28.66 54.34 15.99
31.75 53.78 13.85
33.87 56.34 12.15
32.00 55.96 8.87
28.80 54.47 10.11
29.48 51.03 8.58
30.48 47.84 10.50
34.09 47.48 11.45
35.93 44.13 11.63
39.40 42.75 12.16
40.07 41.16 8.74
42.90 38.61 9.06
44.81 36.97 6.17
44.10 33.25 5.98
47.82 32.60 5.47
48.70 34.24 8.79
45.81 32.38 10.44
47.17 29.06 9.08
50.63 29.89 10.40
49.02 30.59 13.77
48.09 26.89 13.87
51.70 25.88 13.55
52.50 28.16 16.44
49.65 26.38 18.31
51.24 22.97 17.63
54.51 24.15 19.09
52.57 25.44 22.12
51.04 22.01 22.75
54.60 20.64 22.92
55.18 22.77 26.01
52.53 20.73 27.86
50.52 23.94 28.23
47.20 22.48 29.35
44.27 24.55 28.09
45.30 27.92 26.44
43.11 30.43 24.57
44.24 32.96 22.00
42.82 35.45 19.66
43.96 35.16 16.05
43.45 38.73 14.66
45.53 41.70 13.38
44.37 44.19 15.96
43.34 46.54 13.12
39.69 46.98 12.25
38.38 48.18 8.84
34.93 49.32 7.85
32.78 47.88 5.06
33.54 50.97 2.92
37.26 50.77 3.57
37.21 47.15 2.38
35.29 48.14 -0.74
37.78 50.81 -1.53
40.77 48.59 -0.92
39.21 45.98 -3.21
38.66 48.53 -5.96
42.31 49.37 -5.71
43.35 45.72 -5.76
41.07 44.68 -8.59
41.12 47.73 -10.80
37.32 47.34 -10.97
34.39 49.34 -9.67
32.34 47.94 -6.90
28.98 49.58 -6.78
27.15 49.47 -3.46
23.79 50.22 -1.89
23.08 51.01 1.71
20.38 48.81 3.18
19.04 47.97 6.58
21.16 46.65 9.38
21.43 42.88 9.36
19.70 41.21 12.30
22.05 40.77 15.16
25.04 42.59 13.64
27.60 44.17 15.94
28.89 47.69 15.16
32.60 46.92 15.62
34.72 43.95 16.48
38.50 43.70 16.57
41.23 41.88 18.46
43.70 42.62 21.12
46.60 40.59 19.63
48.97 40.97 22.55
48.59 37.61 24.30
49.05 35.67 21.06
52.19 37.62 20.29
53.57 37.19 23.79
52.59 33.55 24.48
52.20 31.87 21.12
54.99 33.95 19.69
52.73 34.76 16.73
51.60 37.91 14.92
49.77 38.46 11.64
52.23 39.83 9.05
50.03 40.65 6.09
48.07 43.86 5.81
45.06 45.11 4.00
46.59 45.65 0.59
48.07 42.15 0.65
44.75 40.62 1.74
42.94 42.37 -1.06
45.57 41.62 -3.63
45.51 37.93 -2.71
41.76 37.71 -2.60
41.49 39.41 -5.99
44.05 37.06 -7.56
42.12 34.03 -6.42
38.77 35.38 -7.61
40.10 36.61 -10.96
42.10 33.52 -11.78
39.19 31.29 -10.69
35.98 32.97 -11.65
33.94 29.97 -10.62
35.94 28.86 -7.65
37.23 25.32 -7.83
34.74 24.02 -10.33
31.26 23.19 -11.65
