8.41 -19.25 53.47
9.97 -18.21 50.11
13.54 -16.86 50.30
12.49 -13.62 48.61
11.04 -10.27 49.71
7.43 -10.65 50.87
5.38 -7.79 49.41
1.99 -6.81 50.83
-0.93 -4.68 49.70
-2.57 -3.34 52.86
-5.79 -2.38 51.11
-6.60 -5.81 49.70
-4.54 -7.81 52.17
-2.95 -9.68 49.26
0.65 -10.98 49.27
3.34 -11.64 46.62
7.05 -12.46 46.61
9.54 -10.66 44.42
11.85 -13.14 42.72
12.82 -10.77 39.91
15.10 -8.80 42.26
17.35 -11.87 42.20
18.20 -10.80 38.65
19.68 -7.43 39.65
23.34 -7.17 38.68
23.89 -3.68 40.08
23.84 -2.41 43.66
21.66 0.43 44.84
22.44 2.94 47.65
20.93 1.07 50.62
22.63 -1.20 53.17
21.43 -3.19 56.20
22.69 -0.24 58.26
20.67 2.55 56.62
18.07 3.12 53.92
18.81 5.82 51.34
15.69 5.16 49.29
14.52 8.77 49.46
17.62 10.22 47.83
17.09 11.66 44.34
20.64 11.09 43.12
22.50 8.54 45.25
25.92 8.15 43.60
25.66 4.66 42.18
23.93 4.34 38.81
25.28 7.78 37.97
26.86 7.17 34.58
29.88 9.44 35.13
31.99 9.96 31.97
34.30 6.97 31.61
36.46 8.13 28.64
39.15 5.49 28.17
37.56 2.31 26.70
35.84 0.00 29.24
37.24 -3.38 30.39
36.52 -5.81 27.56
35.87 -8.40 30.27
33.30 -6.08 31.88
31.54 -5.20 28.61
31.49 -8.81 27.41
29.66 -10.01 30.51
27.02 -7.30 30.18
26.82 -7.97 26.45
26.27 -11.72 26.88
23.61 -11.06 29.52
21.70 -8.76 27.18
21.94 -11.16 24.21
20.55 -13.89 26.50
17.71 -11.57 27.48
17.06 -10.93 23.81
16.96 -14.56 22.71
14.92 -15.44 25.79
12.39 -12.79 24.77
11.90 -14.36 21.33
11.92 -17.89 22.81
15.11 -19.11 21.12
17.43 -19.49 24.12
20.17 -22.04 23.55
19.55 -22.09 19.80
22.16 -21.97 17.03
21.25 -18.37 16.19
21.67 -17.52 19.88
25.13 -19.13 20.15
26.16 -17.58 16.84
25.05 -14.11 17.94
27.04 -14.58 21.15
30.12 -15.56 19.14
29.77 -12.53 16.88
29.56 -10.13 19.83
32.61 -11.67 21.47
34.53 -11.53 18.19
33.50 -7.93 17.52
34.51 -6.77 21.00
37.67 -8.84 20.66
38.82 -6.91 17.58
37.22 -3.46 18.00
36.85 -3.25 21.78
33.10 -2.72 21.43
30.17 -4.06 19.42
26.92 -3.03 17.75
23.27 -4.00 18.20
20.98 -5.42 15.56
17.90 -3.33 14.77
15.56 -5.69 16.63
17.90 -5.83 19.62
17.86 -2.03 19.98
14.05 -2.03 19.85
13.90 -4.73 22.53
16.47 -3.02 24.72
14.76 0.38 24.54
11.42 -1.11 25.60
13.09 -3.12 28.38
14.76 0.04 29.66
11.36 1.65 30.06
9.96 -1.56 31.54
12.80 -1.56 34.07
12.42 2.10 35.16
11.52 2.01 38.91
10.29 5.61 38.97
7.84 5.41 36.06
4.15 5.00 36.97
3.15 4.74 33.30
4.89 1.46 32.53
1.68 -0.37 31.65
2.37 1.23 28.24
5.91 -0.17 27.97
5.06 -2.52 25.11
3.93 0.31 22.86
6.97 2.43 22.07
7.90 3.78 18.65
11.66 3.32 18.37
13.35 5.67 15.89
16.77 4.38 14.93
19.08 7.34 14.37
22.42 5.57 14.78
23.49 6.94 11.39
23.24 10.59 12.49
26.53 12.39 11.96
25.95 16.09 12.71
24.29 18.48 15.15
22.14 19.70 12.26
20.98 16.15 11.53
20.21 15.60 15.24
17.86 18.56 14.94
16.09 17.05 11.95
15.68 13.76 13.82
14.41 15.59 16.91
11.90 17.66 14.94
10.58 14.49 13.33
10.32 12.87 16.75
8.32 15.81 18.09
5.96 15.77 15.10
5.36 12.02 15.34
5.04 12.01 19.14
2.76 15.06 19.30
0.49 13.87 16.50
-1.66 16.99 16.91
-2.68 16.11 20.46
-3.15 12.35 20.23
0.29 11.69 21.73
2.33 8.57 20.95
5.24 7.26 23.04
8.56 7.37 21.21
12.33 7.35 21.50
15.04 8.41 19.07
18.38 6.68 19.45
21.54 8.49 18.33
25.02 6.91 17.97
26.43 5.16 21.03
29.50 6.34 22.93
32.71 5.28 21.18
36.33 4.60 22.28
37.95 7.89 23.27
35.56 9.85 21.03
33.16 12.67 21.82
29.60 11.85 22.87
26.43 12.86 21.07
24.57 15.01 23.61
21.46 17.11 24.00
22.30 19.73 26.65
18.67 20.52 27.54
16.99 18.24 30.12
13.79 18.15 28.04
13.02 18.99 24.39
10.54 21.61 25.59
11.61 23.91 28.44
10.52 27.40 29.50
13.26 29.96 30.06
14.24 31.00 33.57
15.57 34.56 33.73
17.50 35.69 36.80
16.23 39.13 37.83
18.20 42.05 39.27
16.51 41.70 42.68
17.51 38.03 42.70
14.14 36.53 41.78
13.32 34.53 38.65
10.93 35.18 35.79
9.78 31.97 34.12
10.82 28.49 35.28
13.50 28.57 38.06
14.38 24.98 37.19
15.88 26.12 33.90
18.06 29.02 35.04
21.36 27.35 34.18
20.36 26.04 30.75
18.74 29.38 29.89
22.01 31.14 30.64
23.95 28.53 28.65
21.73 29.25 25.66
22.44 32.97 26.00
26.17 32.31 26.39
25.95 30.46 23.08
24.27 33.22 21.08
20.55 32.97 21.88
18.68 36.28 22.04
16.60 36.00 25.25
13.03 37.15 25.72
11.44 38.37 28.93
8.33 36.24 29.23
7.18 33.70 31.79
6.79 30.94 29.19
9.47 31.41 26.54
10.30 28.11 24.86
14.05 27.60 24.93
16.21 26.66 21.94
18.13 23.38 21.89
21.86 23.01 22.39
22.78 19.98 20.31
26.25 18.49 20.39
27.89 16.18 17.87
31.11 14.31 18.78
34.08 16.53 19.60
32.24 19.67 18.53
30.94 22.66 20.45
27.16 22.57 20.86
25.06 24.26 18.17
21.94 26.28 18.88
18.62 25.40 17.20
15.25 27.13 17.54
12.21 24.86 17.44
9.61 26.07 14.91
6.66 27.39 16.99
4.21 25.26 15.01
5.89 22.10 16.29
5.65 22.90 20.02
2.04 22.27 21.05
1.02 24.20 24.15
-2.22 24.34 26.12
-3.54 27.57 27.66
-4.92 26.81 31.12
-8.52 27.64 32.09
-10.79 26.32 34.88
-14.16 24.55 34.34
-16.06 26.80 36.78
-13.65 29.51 37.98
-13.88 31.91 35.04
-10.98 34.07 36.26
-8.41 31.26 36.06
-7.93 31.78 32.31
-7.04 35.42 33.04
-3.95 34.16 34.88
-2.32 33.46 31.52
-0.91 30.11 32.63
-0.08 27.34 30.16
2.03 24.23 29.63
3.45 22.26 26.72
1.84 19.01 25.63
4.93 16.85 25.12
7.14 15.57 27.96
10.42 14.55 26.32
13.43 13.61 28.47
16.66 14.41 26.68
19.50 14.26 29.23
19.39 10.63 30.32
21.64 7.81 29.21
20.23 4.62 27.70
22.35 1.59 28.56
21.90 -1.70 26.73
24.29 -4.63 27.11
27.08 -2.34 28.24
26.60 -0.07 25.24
25.91 3.54 26.17
23.56 5.83 24.27
24.32 9.28 25.69
21.77 10.92 23.37
18.43 9.08 23.17
15.47 11.38 23.87
12.24 9.60 24.83
8.68 10.87 25.32
5.21 9.80 26.39
2.37 11.93 27.74
1.82 13.79 31.01
0.18 12.74 34.25
-1.71 15.86 35.41
0.06 16.16 38.78
3.41 16.70 37.05
2.10 20.01 35.71
-0.58 21.00 38.19
1.19 20.09 41.42
4.97 20.01 40.91
5.71 22.36 37.99
3.14 24.99 38.97
3.04 24.76 42.78
6.54 23.67 43.92
8.03 26.49 46.03
11.09 26.46 43.75
9.14 26.31 40.48
6.35 28.67 39.33
5.05 28.77 42.92
1.48 29.88 42.04
-0.31 28.53 45.14
-0.60 31.90 46.91
-1.77 33.73 43.77
-4.52 31.19 43.06
-5.53 30.99 46.73
-5.86 34.79 46.89
-8.06 34.61 43.78
-10.22 32.01 45.50
-10.32 34.40 48.44
-9.00 31.84 50.93
-7.37 32.55 54.30
-3.67 32.31 53.38
-2.67 33.64 56.79
-3.19 30.33 58.57
-2.24 26.73 57.75
-5.44 25.24 59.20
-7.66 26.74 56.49
-6.06 24.21 54.13
-5.74 26.96 51.51
-2.75 25.30 49.89
-4.70 22.07 49.51
-7.79 23.75 48.03
-5.80 25.79 45.50
-3.69 22.81 44.44
-6.84 20.81 43.77
-8.34 23.51 41.55
-5.03 24.01 39.73
-4.87 20.28 38.99
-8.47 20.27 37.82
-7.64 23.17 35.50
-4.77 21.23 33.93
-7.00 18.20 33.27
-9.87 20.34 32.02
-7.68 22.38 29.67
-5.89 19.38 28.18
-9.22 17.63 27.63
-10.66 20.73 25.95
-7.68 21.08 23.61
-7.92 17.34 22.92
-4.35 16.68 24.06
-3.54 13.39 25.76
-3.16 13.44 29.54
-3.93 11.12 32.46
-5.00 12.09 35.99
-3.24 10.56 39.01
-6.16 8.27 39.87
-6.40 6.63 36.45
-2.60 6.44 36.13
-2.07 4.72 39.49
-4.92 2.28 38.90
-3.29 1.33 35.59
0.05 0.90 37.38
-1.56 -1.58 39.79
-2.72 -3.58 36.77
0.85 -3.38 35.49
2.21 -4.80 38.77
-0.21 -7.74 38.43
0.93 -8.29 34.85
4.61 -8.18 35.77
4.13 -10.44 38.79
3.01 -13.17 36.40
5.41 -12.26 33.59
8.63 -11.81 35.59
7.96 -12.51 39.26
7.97 -8.88 40.32
8.44 -5.25 39.33
11.06 -2.80 40.62
9.33 0.34 41.88
10.34 3.49 43.76
7.48 4.09 46.21
8.44 7.77 46.73
8.20 8.47 42.99
5.21 6.24 42.21
2.83 7.77 44.80
1.54 11.13 43.42
2.49 14.51 45.02
-1.15 15.13 46.05
-3.89 12.86 47.40
-1.34 10.12 48.02
-3.44 7.69 50.07
-6.48 8.29 47.90
-4.69 6.30 45.16
-4.08 2.51 45.25
-0.26 2.65 45.03
0.06 4.27 48.46
-1.20 1.04 50.05
1.12 -1.17 47.99
4.53 -2.15 49.35
7.25 -2.03 46.71
10.72 -3.46 46.13
13.28 -1.25 44.38
16.31 -2.56 42.50
18.31 -1.96 39.32
17.78 -3.99 36.15
19.40 -3.49 32.74
18.68 -2.35 30.03
18.10 0.91 31.85
17.81 4.67 31.67
20.48 6.25 33.88
21.42 9.75 34.96
24.60 11.11 33.38
26.77 14.16 34.18
26.07 17.44 32.41
28.34 17.84 29.35
29.45 21.31 30.44
30.44 6.23 54.46
28.45 9.27 55.54
25.47 10.11 53.29
25.05 13.53 51.71
21.52 14.75 52.45
19.94 17.39 50.22
16.82 19.53 50.43
15.73 20.25 46.85
13.51 23.21 47.69
16.29 25.19 49.39
19.39 23.60 47.87
20.89 23.09 51.33
23.07 20.07 52.11
24.03 18.18 55.27
25.89 14.97 56.07
24.40 12.36 58.38
27.07 11.07 60.75
24.58 9.86 63.38
23.70 6.79 61.30
27.18 5.45 62.11
25.95 4.80 65.66
23.33 2.32 64.47
23.84 -1.23 65.73
20.67 -2.82 64.37
20.14 -3.82 60.74
17.17 -2.67 58.70
15.52 -4.56 55.79
17.57 -3.08 52.94
20.66 -4.42 51.15
22.73 -3.15 48.22
20.82 -5.47 45.88
17.35 -4.14 46.77
15.59 -1.49 48.86
12.64 -2.51 51.08
12.05 0.89 52.68
8.36 0.93 51.75
7.53 -2.26 53.66
5.43 -1.71 56.80
6.59 -4.55 59.03
9.78 -6.55 59.44
10.19 -10.15 58.22
11.66 -10.86 61.65
13.30 -7.67 63.00
10.38 -7.84 65.45
11.17 -9.19 68.93
11.21 -13.01 69.35
10.09 -14.84 72.58
11.75 -14.39 75.98
11.68 -17.87 77.56
15.45 -17.84 78.00
17.86 -15.16 79.28
19.37 -12.92 76.57
23.11 -13.60 75.95
24.91 -11.93 78.88
27.55 -10.51 76.54
25.02 -8.92 74.18
22.81 -7.56 76.96
25.77 -6.15 78.88
27.04 -4.45 75.72
23.66 -2.76 75.19
23.29 -1.91 78.89
26.71 -0.25 79.05
25.94 1.74 75.91
22.69 3.00 77.41
24.27 3.85 80.75
26.93 5.77 78.82
24.22 7.62 76.94
22.50 8.48 80.21
25.45 10.00 82.03
26.40 11.90 78.91
22.92 13.47 78.95
23.44 14.81 82.47
26.99 15.97 81.70
28.34 13.56 84.31
30.29 11.20 82.04
33.27 9.50 83.64
32.05 10.71 87.03
32.14 8.53 90.13
28.42 7.82 89.81
28.88 6.78 86.18
31.62 4.29 87.04
29.71 2.79 89.96
26.43 2.56 88.04
28.18 0.64 85.26
29.60 -1.73 87.88
26.14 -2.19 89.39
24.69 -3.25 86.05
27.56 -5.65 85.38
27.12 -7.19 88.82
23.39 -7.70 88.36
23.71 -9.21 84.89
26.51 -11.60 85.84
24.51 -13.01 88.74
20.89 -12.79 87.55
21.19 -12.60 83.77
19.38 -9.27 83.71
19.21 -5.90 85.46
16.89 -3.02 86.28
16.71 0.66 85.40
16.49 3.50 87.88
13.46 5.75 87.38
15.56 8.66 86.09
17.21 6.37 83.53
13.79 5.05 82.49
12.55 8.60 81.92
15.58 9.46 79.80
15.26 6.20 77.90
11.60 6.75 77.05
12.24 10.25 75.69
15.12 8.92 73.56
12.96 6.13 72.11
10.48 8.74 70.91
13.33 10.93 69.67
14.69 7.97 67.68
11.38 6.86 66.08
11.97 7.44 62.33
8.26 7.36 61.51
7.22 10.12 63.94
6.72 13.61 62.46
5.93 15.16 65.83
9.36 14.63 67.38
10.00 18.32 67.98
8.03 17.63 71.17
10.29 14.72 72.19
11.60 16.48 75.29
8.14 17.04 76.75
6.86 13.65 77.86
5.23 12.77 81.20
6.58 9.40 82.32
4.51 7.18 84.63
6.47 4.38 86.27
4.07 1.45 86.46
6.77 -1.17 87.04
5.34 -1.99 90.49
2.21 -3.48 88.93
1.29 -7.17 89.53
-2.19 -7.67 88.07
-4.47 -6.82 85.16
-6.70 -4.87 87.55
-3.74 -2.67 88.51
-2.90 -2.21 84.84
-6.43 -0.90 84.33
-6.07 1.58 87.18
-2.77 2.86 85.76
-4.23 3.15 82.26
-7.22 5.16 83.48
-4.91 7.60 85.26
-2.79 7.88 82.11
-5.89 8.72 80.08
-7.24 11.34 82.52
-3.86 13.05 82.67
-3.15 12.82 78.94
-6.61 14.08 77.96
-6.59 17.01 80.39
-10.07 18.12 79.27
-9.01 18.66 75.66
-5.63 20.20 76.43
-3.71 17.04 75.52
-0.36 16.30 77.13
2.06 13.64 75.86
2.52 10.70 78.23
3.76 7.14 78.60
3.12 4.53 81.29
5.72 1.79 81.67
4.66 -1.63 82.99
7.00 -4.45 84.16
9.79 -5.41 81.76
9.85 -8.85 80.17
11.48 -11.60 82.22
13.06 -14.91 81.08
10.74 -17.91 80.98
7.81 -15.81 82.22
4.89 -14.47 80.20
4.72 -10.77 79.30
2.43 -8.07 80.62
0.43 -7.09 77.52
-2.32 -4.77 76.34
-4.09 -6.68 73.57
-5.67 -3.60 71.97
-3.48 -1.69 69.49
-4.62 1.65 70.97
-6.34 2.49 74.26
-9.28 3.84 72.25
-10.63 1.79 69.34
-14.02 1.67 67.62
-15.54 -1.78 67.17
-15.69 -3.44 63.77
-18.57 -5.90 63.41
-18.63 -8.47 60.60
-22.13 -9.29 59.36
-24.13 -10.78 56.48
-22.16 -10.39 53.24
-18.67 -9.67 54.53
-19.28 -5.94 55.02
-18.31 -4.33 58.30
-20.10 -1.93 60.60
-17.62 0.31 62.40
-13.84 0.23 61.94
-12.61 -2.64 59.68
-9.16 -2.33 61.24
-10.52 -3.59 64.57
-12.47 -6.65 63.41
-10.10 -9.15 65.02
-9.78 -7.32 68.34
-13.54 -6.71 68.42
-14.17 -10.45 68.07
-11.64 -11.27 70.77
-13.41 -8.99 73.24
-16.77 -10.59 72.49
-15.27 -14.04 72.91
-14.02 -12.92 76.32
-17.43 -11.87 77.62
-18.02 -8.42 76.13
-21.64 -7.62 75.26
-21.25 -6.06 71.78
-23.15 -3.08 70.46
-24.28 -2.36 66.91
-23.04 1.14 66.15
-20.35 2.56 63.86
-18.42 4.11 66.75
-18.70 1.82 69.78
-15.67 2.34 72.03
-14.14 -1.07 72.70
-13.22 -2.49 76.13
-9.58 -3.23 77.01
-8.15 -6.74 77.14
-5.34 -6.51 79.70
-3.04 -9.44 80.38
-0.88 -10.17 83.41
1.93 -12.76 82.99
0.77 -16.27 82.03
-2.88 -15.41 82.66
-5.80 -15.15 80.25
-6.50 -11.50 79.42
-9.16 -9.71 81.46
-11.89 -7.39 80.16
-12.23 -3.80 81.40
-14.73 -1.17 80.29
-13.40 2.38 80.13
-15.59 4.90 81.99
-17.34 6.90 79.20
-16.47 10.16 80.94
-12.78 9.36 80.42
-12.99 8.84 76.64
-13.24 12.34 75.17
-14.72 12.29 71.65
-15.29 14.96 69.02
-18.44 15.07 66.86
-17.47 16.07 63.31
-19.12 19.04 61.60
-18.07 21.26 58.67
-17.50 25.04 58.91
-19.79 25.81 55.97
-21.38 22.57 54.75
-24.47 22.34 56.96
-25.21 18.72 55.99
-21.84 17.30 57.11
-22.86 17.00 60.77
-25.80 14.86 59.64
-23.32 12.15 58.67
-22.99 11.27 62.35
-19.21 11.05 62.11
-16.94 11.43 65.14
-13.48 10.52 66.41
-11.72 10.28 69.76
-9.36 12.96 71.04
-6.59 10.76 72.40
-4.25 8.67 70.19
-2.56 6.18 72.55
-0.46 3.35 71.13
-0.54 0.24 73.31
0.88 -2.67 71.29
4.47 -1.59 70.72
7.51 -2.66 72.69
9.89 -0.20 74.37
13.51 -1.35 74.36
15.98 0.45 76.64
19.53 -0.75 77.22
18.60 -4.29 76.25
15.59 -4.40 78.56
12.17 -4.94 76.98
8.89 -3.35 78.04
6.12 -5.28 76.28
3.44 -3.02 77.80
4.18 0.69 77.69
1.30 2.73 76.22
2.29 6.18 74.98
0.17 9.06 73.68
0.33 12.56 72.25
-2.18 14.37 70.06
-3.47 13.77 66.53
-2.30 15.29 63.26
-5.55 15.94 61.35
-4.66 13.81 58.32
-4.59 10.66 60.48
-8.34 11.05 61.06
-9.59 13.00 58.05
-7.53 11.15 55.45
-6.47 7.69 56.64
-9.07 6.70 59.25
-12.09 8.12 57.44
-11.06 7.86 53.76
-8.94 4.70 53.45
-10.92 2.17 51.36
-10.26 -0.48 54.01
-11.35 1.84 56.86
-14.50 3.98 57.16
-14.26 4.67 53.41
-16.61 7.70 53.51
-15.19 9.36 50.38
-18.08 8.53 48.06
-20.74 9.48 50.62
-19.28 12.95 51.16
-18.84 13.31 47.40
-22.51 12.55 46.72
-23.53 14.97 49.48
-21.32 17.57 47.80
-23.07 16.70 44.54
-19.75 16.01 42.84
-19.34 14.09 39.59
-18.29 10.62 40.71
-18.73 9.36 37.13
-15.05 9.90 36.35
-11.67 10.11 38.09
-10.75 13.27 36.16
-13.26 15.41 38.08
-11.02 14.95 41.14
-14.09 14.37 43.28
-12.01 12.18 45.59
-9.48 14.96 46.13
-12.20 17.54 46.73
-14.13 15.38 49.19
-10.96 14.51 51.10
-9.96 18.14 51.57
-13.34 19.04 53.06
-13.25 16.02 55.36
-9.82 17.08 56.63
-11.21 20.61 57.06
-14.16 19.33 59.08
-11.79 17.43 61.40
-9.65 20.51 62.09
-12.71 22.72 62.51
-14.42 20.26 64.87
-11.38 19.67 67.09
-10.74 23.41 67.30
-14.39 24.01 68.17
-14.32 21.31 70.84
-11.14 22.92 72.18
-9.19 19.67 71.70
-5.51 19.73 70.73
-4.77 18.85 67.11
-2.25 19.91 64.47
-2.72 20.16 60.70
-0.22 18.53 58.33
1.31 21.85 57.21
2.12 23.09 60.70
3.31 19.62 61.76
5.72 19.18 58.85
7.02 22.72 59.26
7.91 21.91 62.87
9.58 18.63 61.85
11.88 20.57 59.50
12.95 22.65 62.50
13.43 19.42 64.42
15.70 18.08 61.66
17.82 21.21 61.98
17.91 21.00 65.80
19.02 17.37 65.57
21.59 18.04 62.88
23.34 20.37 65.30
22.67 18.19 68.35
23.57 14.72 67.03
24.78 15.11 63.46
21.63 13.71 61.86
18.12 12.34 62.41
16.62 8.98 61.40
13.46 9.56 59.36
11.19 7.41 57.20
10.14 9.53 54.20
7.08 7.42 53.34
5.67 7.92 56.84
6.77 11.54 57.35
5.16 12.85 54.16
1.38 13.35 54.73
-1.18 11.12 52.93
-2.58 14.19 51.14
-0.89 17.23 49.63
2.52 15.57 49.87
4.59 18.05 47.85
2.69 20.98 49.30
4.60 20.32 52.55
8.34 20.96 53.11
9.23 17.39 54.09
8.40 16.11 50.58
11.43 17.98 49.21
13.72 16.83 52.00
15.92 13.76 51.51
16.06 11.54 54.59
18.22 8.78 56.03
16.52 5.89 57.77
18.18 3.69 60.36
17.60 2.09 63.76
18.86 3.70 66.98
18.26 2.59 70.58
16.39 3.29 72.89
13.60 2.38 70.48
9.93 1.59 70.04
9.61 -1.66 68.11
6.76 -3.85 66.87
6.08 -7.16 68.63
4.01 -10.30 67.93
0.31 -10.31 68.78
-0.12 -12.08 72.17
-2.78 -14.44 70.80
