0.00 15.00 1.00 0.00 0.00 0.00 0.00 0.00 0.00 0.00 0.00 0.00
15.00 0.00 1.00 0.00 0.00 0.00 0.00 0.00 0.00 0.00 0.00 0.00
3.00 1.00 1.00 0.00 0.00 0.00 0.00 0.00 0.00 0.00 0.00 0.00
1.00 3.00 1.00 0.00 0.00 0.00 0.00 0.00 0.00 0.00 0.00 0.00
1.00 2.00 1.00 0.00 0.00 0.00 0.00 0.00 0.00 0.00 0.00 0.00
2.00 1.00 1.00 0.00 0.00 0.00 0.00 0.00 0.00 0.00 0.00 0.00
3.00 4.00 1.00 0.00 0.00 0.00 0.00 0.00 0.00 0.00 0.00 0.00
4.00 3.00 1.00 0.00 0.00 0.00 0.00 0.00 0.00 0.00 0.00 0.00
3.00 5.00 1.00 0.00 0.00 0.00 0.00 0.00 0.00 0.00 0.00 0.00
5.00 3.00 1.00 0.00 0.00 0.00 0.00 0.00 0.00 0.00 0.00 0.00
4.00 9.00 1.00 0.00 0.00 0.00 0.00 0.00 0.00 0.00 0.00 0.00
9.00 4.00 1.00 0.00 0.00 0.00 0.00 0.00 0.00 0.00 0.00 0.00
5.00 6.00 1.00 0.00 0.00 0.00 0.00 0.00 0.00 0.00 0.00 0.00
6.00 5.00 1.00 0.00 0.00 0.00 0.00 0.00 0.00 0.00 0.00 0.00
5.00 7.00 1.00 0.00 0.00 0.00 0.00 0.00 0.00 0.00 0.00 0.00
7.00 5.00 1.00 0.00 0.00 0.00 0.00 0.00 0.00 0.00 0.00 0.00
7.00 8.00 1.00 0.00 0.00 0.00 0.00 0.00 0.00 0.00 0.00 0.00
8.00 7.00 1.00 0.00 0.00 0.00 0.00 0.00 0.00 0.00 0.00 0.00
7.00 9.00 1.00 0.00 0.00 0.00 0.00 0.00 0.00 0.00 0.00 0.00
9.00 7.00 1.00 0.00 0.00 0.00 0.00 0.00 0.00 0.00 0.00 0.00
9.00 18.00 1.00 0.00 0.00 0.00 0.00 0.00 0.00 0.00 0.00 0.00
18.00 9.00 1.00 0.00 0.00 0.00 0.00 0.00 0.00 0.00 0.00 0.00
10.00 15.00 1.00 0.00 0.00 0.00 0.00 0.00 0.00 0.00 0.00 0.00
15.00 10.00 1.00 0.00 0.00 0.00 0.00 0.00 0.00 0.00 0.00 0.00
10.00 11.00 1.00 0.00 0.00 0.00 0.00 0.00 0.00 0.00 0.00 0.00
11.00 10.00 1.00 0.00 0.00 0.00 0.00 0.00 0.00 0.00 0.00 0.00
11.00 12.00 1.00 0.00 0.00 0.00 0.00 0.00 0.00 0.00 0.00 0.00
12.00 11.00 1.00 0.00 0.00 0.00 0.00 0.00 0.00 0.00 0.00 0.00
12.00 13.00 1.00 0.00 0.00 0.00 0.00 0.00 0.00 0.00 0.00 0.00
13.00 12.00 1.00 0.00 0.00 0.00 0.00 0.00 0.00 0.00 0.00 0.00
13.00 14.00 1.00 0.00 0.00 0.00 0.00 0.00 0.00 0.00 0.00 0.00
14.00 13.00 1.00 0.00 0.00 0.00 0.00 0.00 0.00 0.00 0.00 0.00
13.00 18.00 1.00 0.00 0.00 0.00 0.00 0.00 0.00 0.00 0.00 0.00
18.00 13.00 1.00 0.00 0.00 0.00 0.00 0.00 0.00 0.00 0.00 0.00
14.00 16.00 1.00 0.00 0.00 0.00 0.00 0.00 0.00 0.00 0.00 0.00
16.00 14.00 1.00 0.00 0.00 0.00 0.00 0.00 0.00 0.00 0.00 0.00
14.00 15.00 1.00 0.00 0.00 0.00 0.00 0.00 0.00 0.00 0.00 0.00
15.00 14.00 1.00 0.00 0.00 0.00 0.00 0.00 0.00 0.00 0.00 0.00
16.00 17.00 1.00 0.00 0.00 0.00 0.00 0.00 0.00 0.00 0.00 0.00
17.00 16.00 1.00 0.00 0.00 0.00 0.00 0.00 0.00 0.00 0.00 0.00
17.00 18.00 1.00 0.00 0.00 0.00 0.00 0.00 0.00 0.00 0.00 0.00
18.00 17.00 1.00 0.00 0.00 0.00 0.00 0.00 0.00 0.00 0.00 0.00
10.00 0.00 1.00 0.00 0.00 0.00 0.00 0.00 0.00 0.00 0.00 0.00
0.00 10.00 1.00 0.00 0.00 0.00 0.00 0.00 0.00 0.00 0.00 0.00
