1.00 378.00 7.98
1.00 379.00 9.16
1.00 2.00 3.81
1.00 361.00 8.98
1.00 365.00 9.43
1.00 153.00 8.47
1.00 376.00 9.54
1.00 3.00 6.14
1.00 152.00 8.62
1.00 372.00 6.44
1.00 342.00 9.55
1.00 343.00 9.98
1.00 373.00 5.02
1.00 374.00 5.21
1.00 375.00 6.83
1.00 4.00 9.08
1.00 371.00 9.83
2.00 365.00 9.55
2.00 153.00 9.74
2.00 37.00 9.75
2.00 3.00 3.80
2.00 6.00 9.58
2.00 152.00 8.46
2.00 372.00 6.71
2.00 373.00 7.30
2.00 374.00 8.57
2.00 4.00 6.45
2.00 5.00 8.72
2.00 371.00 9.01
3.00 153.00 9.46
3.00 37.00 7.96
3.00 6.00 6.28
3.00 7.00 7.42
3.00 8.00 9.89
3.00 152.00 6.98
3.00 372.00 4.59
3.00 341.00 9.02
3.00 373.00 7.11
3.00 374.00 9.16
3.00 4.00 3.78
3.00 5.00 5.21
3.00 371.00 5.90
3.00 370.00 8.84
4.00 365.00 9.09
4.00 6.00 6.97
4.00 7.00 8.82
4.00 372.00 6.08
4.00 373.00 9.07
4.00 5.00 3.80
4.00 337.00 9.69
4.00 338.00 7.86
4.00 368.00 9.40
4.00 371.00 5.01
4.00 370.00 7.57
4.00 339.00 9.90
5.00 36.00 9.06
5.00 37.00 7.96
5.00 38.00 9.04
5.00 6.00 3.81
5.00 7.00 6.29
5.00 8.00 9.40
5.00 152.00 9.32
5.00 372.00 7.50
5.00 337.00 8.29
5.00 338.00 7.58
5.00 371.00 5.79
5.00 370.00 9.26
5.00 39.00 7.99
5.00 169.00 9.75
5.00 170.00 8.34
5.00 339.00 9.09
6.00 150.00 9.80
6.00 35.00 9.48
6.00 36.00 6.72
6.00 37.00 4.81
6.00 38.00 5.30
6.00 7.00 3.81
6.00 8.00 5.91
6.00 151.00 8.44
6.00 152.00 6.94
6.00 372.00 8.61
6.00 371.00 7.96
6.00 9.00 8.56
6.00 39.00 4.90
6.00 40.00 8.63
6.00 169.00 8.14
6.00 170.00 7.80
6.00 172.00 10.00
7.00 153.00 8.99
7.00 36.00 9.61
7.00 37.00 6.55
7.00 38.00 6.07
7.00 8.00 3.80
7.00 151.00 7.46
7.00 152.00 5.58
7.00 372.00 7.72
7.00 341.00 8.47
7.00 338.00 9.92
7.00 371.00 7.54
7.00 9.00 6.15
7.00 10.00 9.45
7.00 39.00 5.38
7.00 40.00 8.12
7.00 80.00 9.79
7.00 81.00 8.10
7.00 413.00 8.66
7.00 414.00 9.98
7.00 169.00 9.89
7.00 170.00 8.97
7.00 172.00 8.53
7.00 339.00 8.75
8.00 150.00 8.20
8.00 153.00 8.10
8.00 154.00 8.69
8.00 35.00 9.58
8.00 36.00 9.06
8.00 37.00 5.74
8.00 38.00 4.27
8.00 151.00 4.87
8.00 152.00 5.14
8.00 11.00 9.72
8.00 82.00 7.35
8.00 83.00 9.94
8.00 9.00 3.80
8.00 10.00 6.12
8.00 39.00 5.34
8.00 40.00 6.75
8.00 41.00 8.34
8.00 80.00 7.87
8.00 81.00 6.23
8.00 413.00 8.72
9.00 37.00 9.01
9.00 38.00 6.16
9.00 151.00 7.93
9.00 152.00 8.71
9.00 11.00 6.83
9.00 12.00 9.60
9.00 82.00 6.48
9.00 83.00 8.46
9.00 10.00 3.77
9.00 39.00 5.71
9.00 40.00 4.86
9.00 41.00 5.91
9.00 42.00 7.87
9.00 168.00 9.23
9.00 80.00 4.75
9.00 81.00 5.06
9.00 413.00 9.60
9.00 172.00 8.50
9.00 319.00 9.64
9.00 77.00 9.46
9.00 76.00 9.35
9.00 79.00 7.26
10.00 32.00 8.92
10.00 38.00 7.31
10.00 151.00 8.33
10.00 11.00 3.77
10.00 12.00 5.93
10.00 13.00 9.18
10.00 43.00 8.52
10.00 84.00 6.74
10.00 85.00 9.99
10.00 82.00 5.47
10.00 83.00 5.69
10.00 110.00 9.86
10.00 39.00 8.12
10.00 40.00 6.09
10.00 41.00 4.53
10.00 42.00 6.00
10.00 80.00 5.39
10.00 81.00 6.35
10.00 77.00 8.50
10.00 76.00 8.56
10.00 79.00 8.64
11.00 12.00 3.79
11.00 13.00 6.09
11.00 14.00 9.69
11.00 43.00 6.44
11.00 84.00 6.08
11.00 85.00 8.17
11.00 82.00 6.34
11.00 83.00 4.68
11.00 110.00 9.37
11.00 40.00 8.70
11.00 41.00 6.06
11.00 42.00 5.00
11.00 80.00 5.64
11.00 81.00 7.84
11.00 44.00 8.28
11.00 73.00 8.85
11.00 74.00 9.91
11.00 77.00 6.08
11.00 99.00 9.72
11.00 103.00 9.78
11.00 76.00 6.25
11.00 75.00 9.89
11.00 78.00 9.14
11.00 79.00 8.40
12.00 32.00 9.67
12.00 86.00 7.68
12.00 25.00 8.33
12.00 28.00 8.54
12.00 29.00 8.37
12.00 13.00 3.79
12.00 14.00 6.60
12.00 43.00 5.13
12.00 84.00 4.88
12.00 85.00 5.89
12.00 82.00 8.85
12.00 83.00 6.02
12.00 111.00 9.69
12.00 41.00 6.78
12.00 42.00 5.86
12.00 80.00 9.39
12.00 96.00 9.70
12.00 45.00 9.76
12.00 44.00 7.58
12.00 77.00 9.28
12.00 76.00 9.11
13.00 86.00 6.45
13.00 87.00 8.24
13.00 112.00 9.78
13.00 100.00 8.66
13.00 25.00 8.81
13.00 14.00 3.78
13.00 43.00 6.70
13.00 84.00 6.06
13.00 85.00 4.65
13.00 83.00 7.03
13.00 42.00 8.56
13.00 15.00 7.27
13.00 95.00 8.74
13.00 96.00 6.02
13.00 97.00 9.19
13.00 16.00 9.56
13.00 45.00 9.20
13.00 44.00 7.32
13.00 73.00 9.36
13.00 77.00 9.56
13.00 99.00 7.70
13.00 76.00 9.94
14.00 21.00 7.58
14.00 86.00 5.07
14.00 87.00 6.53
14.00 88.00 8.18
14.00 113.00 9.84
14.00 22.00 8.87
14.00 24.00 8.88
14.00 25.00 7.07
14.00 43.00 8.34
14.00 84.00 8.44
14.00 85.00 5.69
14.00 15.00 3.81
14.00 17.00 9.59
14.00 93.00 7.93
14.00 95.00 8.35
14.00 96.00 6.08
14.00 97.00 9.54
14.00 16.00 6.41
14.00 45.00 8.93
14.00 44.00 8.61
14.00 99.00 9.87
15.00 20.00 9.80
15.00 21.00 6.19
15.00 86.00 7.65
15.00 87.00 7.91
15.00 88.00 7.77
15.00 22.00 7.79
15.00 24.00 9.64
15.00 25.00 8.51
15.00 85.00 9.11
15.00 91.00 9.29
15.00 17.00 6.11
15.00 18.00 8.23
15.00 92.00 8.97
15.00 93.00 6.37
15.00 94.00 9.20
15.00 95.00 7.87
15.00 96.00 7.14
15.00 16.00 3.81
15.00 45.00 9.11
15.00 44.00 10.00
16.00 19.00 7.83
16.00 20.00 8.67
16.00 21.00 5.61
16.00 22.00 5.40
16.00 23.00 9.06
16.00 24.00 9.35
16.00 25.00 7.94
16.00 17.00 3.81
16.00 18.00 6.36
16.00 93.00 9.76
16.00 45.00 7.54
16.00 44.00 9.83
17.00 19.00 6.65
17.00 20.00 8.29
17.00 21.00 6.51
17.00 22.00 6.84
17.00 18.00 3.82
18.00 19.00 3.81
18.00 20.00 5.35
18.00 21.00 5.38
18.00 22.00 6.27
18.00 23.00 8.66
19.00 20.00 3.79
19.00 21.00 5.46
19.00 22.00 4.73
19.00 23.00 5.93
19.00 24.00 8.60
19.00 25.00 9.83
20.00 21.00 3.80
20.00 88.00 9.95
20.00 22.00 5.24
20.00 23.00 4.93
20.00 24.00 6.25
20.00 25.00 8.69
20.00 26.00 9.90
21.00 27.00 9.98
21.00 86.00 8.09
21.00 87.00 9.21
21.00 88.00 7.92
21.00 115.00 9.29
21.00 22.00 3.80
21.00 23.00 5.38
21.00 24.00 5.18
21.00 25.00 6.33
21.00 26.00 8.74
22.00 27.00 8.77
22.00 23.00 3.81
22.00 24.00 5.60
22.00 25.00 5.38
22.00 26.00 6.36
23.00 27.00 6.25
23.00 24.00 3.82
23.00 25.00 5.47
23.00 26.00 5.24
23.00 28.00 8.57
24.00 139.00 8.87
24.00 143.00 9.20
24.00 27.00 5.15
24.00 30.00 9.81
24.00 86.00 7.28
24.00 87.00 9.95
24.00 115.00 9.07
24.00 25.00 3.80
24.00 26.00 5.55
24.00 28.00 5.93
24.00 29.00 8.50
25.00 27.00 5.33
25.00 30.00 8.63
25.00 31.00 9.79
25.00 86.00 7.17
25.00 26.00 3.81
25.00 28.00 5.00
25.00 29.00 6.13
25.00 43.00 8.73
25.00 85.00 9.51
25.00 45.00 9.94
26.00 27.00 3.81
26.00 30.00 6.48
26.00 31.00 8.91
26.00 28.00 5.67
26.00 29.00 5.29
27.00 143.00 9.07
27.00 30.00 4.91
27.00 31.00 6.15
27.00 32.00 8.55
27.00 144.00 9.44
27.00 33.00 9.54
27.00 28.00 3.80
27.00 29.00 5.18
28.00 139.00 9.60
28.00 143.00 7.67
28.00 30.00 5.46
28.00 31.00 5.07
28.00 32.00 6.04
28.00 144.00 8.38
28.00 146.00 7.49
28.00 147.00 8.62
28.00 33.00 8.31
28.00 86.00 8.06
28.00 113.00 9.72
28.00 29.00 3.80
28.00 84.00 9.25
28.00 85.00 9.71
29.00 30.00 3.81
29.00 31.00 5.41
29.00 32.00 5.23
29.00 146.00 9.42
29.00 147.00 9.46
29.00 33.00 5.90
29.00 34.00 8.84
29.00 43.00 8.61
29.00 166.00 9.39
29.00 41.00 8.01
29.00 42.00 9.50
30.00 31.00 3.80
30.00 32.00 5.70
30.00 146.00 9.70
30.00 147.00 8.47
30.00 33.00 5.04
30.00 34.00 6.83
30.00 35.00 9.32
31.00 143.00 8.46
31.00 32.00 3.81
31.00 144.00 6.73
31.00 145.00 8.49
31.00 146.00 6.14
31.00 147.00 4.83
31.00 148.00 8.64
31.00 33.00 5.23
31.00 34.00 5.45
31.00 35.00 6.92
32.00 144.00 9.01
32.00 145.00 9.29
32.00 146.00 5.84
32.00 147.00 5.08
32.00 148.00 8.21
32.00 149.00 8.88
32.00 33.00 3.82
32.00 34.00 5.31
32.00 35.00 5.12
32.00 36.00 8.55
32.00 37.00 9.04
32.00 38.00 7.31
32.00 151.00 9.93
32.00 84.00 9.87
32.00 40.00 9.36
32.00 41.00 7.90
33.00 146.00 9.33
33.00 147.00 7.32
33.00 34.00 3.81
33.00 35.00 5.61
33.00 36.00 8.09
33.00 37.00 9.73
33.00 38.00 7.72
33.00 39.00 9.39
33.00 40.00 8.88
33.00 41.00 8.26
33.00 169.00 9.36
34.00 146.00 8.80
34.00 147.00 5.54
34.00 148.00 7.98
34.00 35.00 3.80
34.00 36.00 6.32
34.00 37.00 9.00
34.00 38.00 8.55
35.00 145.00 9.54
35.00 146.00 7.25
35.00 147.00 4.51
35.00 148.00 5.57
35.00 149.00 7.28
35.00 150.00 8.06
35.00 36.00 3.85
35.00 37.00 5.55
35.00 38.00 5.94
35.00 151.00 8.59
35.00 39.00 9.15
36.00 147.00 8.09
36.00 148.00 7.73
36.00 149.00 9.07
36.00 150.00 8.21
36.00 37.00 3.83
36.00 38.00 5.59
36.00 151.00 8.83
36.00 152.00 9.58
36.00 39.00 8.00
36.00 169.00 9.57
37.00 147.00 9.08
37.00 148.00 8.16
37.00 149.00 7.76
37.00 150.00 5.73
37.00 153.00 9.13
37.00 154.00 9.90
37.00 38.00 3.80
37.00 151.00 5.41
37.00 152.00 5.83
37.00 39.00 6.71
37.00 40.00 9.43
38.00 147.00 9.48
38.00 148.00 9.99
38.00 149.00 9.43
38.00 150.00 8.27
38.00 151.00 6.33
38.00 152.00 7.52
38.00 39.00 3.82
38.00 40.00 5.72
38.00 41.00 7.40
38.00 168.00 9.00
38.00 169.00 7.76
38.00 170.00 9.37
39.00 151.00 9.32
39.00 152.00 9.42
39.00 167.00 9.32
39.00 40.00 3.81
39.00 41.00 7.17
39.00 168.00 6.04
39.00 169.00 5.07
39.00 170.00 5.83
39.00 171.00 8.14
39.00 172.00 7.61
40.00 166.00 7.12
40.00 167.00 7.02
40.00 41.00 3.78
40.00 42.00 6.70
40.00 168.00 4.68
40.00 80.00 8.51
40.00 81.00 9.88
40.00 169.00 6.15
40.00 170.00 7.53
40.00 171.00 8.77
40.00 172.00 7.77
40.00 319.00 7.89
40.00 320.00 9.38
40.00 79.00 9.81
41.00 43.00 6.59
41.00 84.00 9.65
41.00 82.00 9.99
41.00 83.00 9.66
41.00 166.00 5.94
41.00 167.00 7.76
41.00 42.00 3.79
41.00 168.00 7.22
41.00 80.00 8.31
41.00 169.00 9.21
41.00 319.00 9.52
41.00 44.00 9.95
41.00 76.00 9.23
41.00 320.00 9.51
42.00 43.00 3.79
42.00 83.00 9.60
42.00 166.00 5.79
42.00 167.00 8.82
42.00 168.00 9.18
42.00 80.00 8.04
42.00 319.00 9.03
42.00 45.00 9.09
42.00 44.00 6.39
42.00 73.00 8.98
42.00 77.00 8.77
42.00 46.00 8.37
42.00 76.00 6.43
42.00 320.00 7.52
42.00 75.00 9.99
42.00 79.00 9.23
43.00 166.00 7.09
43.00 45.00 5.72
43.00 44.00 3.86
43.00 73.00 8.71
43.00 46.00 5.92
43.00 76.00 8.27
44.00 166.00 9.60
44.00 45.00 3.80
44.00 73.00 6.06
44.00 74.00 9.72
44.00 46.00 5.51
44.00 47.00 7.76
44.00 72.00 7.50
44.00 76.00 7.74
44.00 69.00 8.58
44.00 70.00 9.37
45.00 73.00 9.37
45.00 46.00 3.80
45.00 47.00 6.83
45.00 69.00 9.72
46.00 166.00 7.75
46.00 47.00 6.20
46.00 48.00 9.94
47.00 72.00 8.52
47.00 322.00 8.63
47.00 65.00 9.34
47.00 69.00 7.01
47.00 48.00 3.80
47.00 49.00 6.68
47.00 50.00 9.99
47.00 68.00 9.08
47.00 323.00 9.65
48.00 72.00 8.61
48.00 322.00 8.00
48.00 65.00 6.66
48.00 66.00 9.16
48.00 67.00 9.90
48.00 69.00 6.29
48.00 49.00 3.79
48.00 50.00 6.60
48.00 64.00 9.50
48.00 68.00 6.79
48.00 323.00 7.75
48.00 324.00 8.19
48.00 51.00 9.54
49.00 55.00 9.55
49.00 65.00 6.83
49.00 69.00 9.20
49.00 50.00 3.80
49.00 64.00 9.29
49.00 68.00 9.03
49.00 324.00 9.58
49.00 51.00 6.06
49.00 52.00 8.49
49.00 53.00 8.09
50.00 55.00 9.31
50.00 61.00 9.46
50.00 65.00 5.69
50.00 66.00 9.49
50.00 64.00 6.85
50.00 68.00 9.01
50.00 324.00 9.52
50.00 325.00 9.93
50.00 54.00 8.89
50.00 62.00 7.74
50.00 63.00 9.45
50.00 51.00 3.83
50.00 52.00 5.18
50.00 53.00 5.68
51.00 65.00 9.44
51.00 64.00 9.90
51.00 54.00 7.81
51.00 52.00 3.81
51.00 53.00 5.91
52.00 55.00 9.71
52.00 65.00 9.32
52.00 64.00 9.08
52.00 54.00 5.97
52.00 62.00 8.18
52.00 53.00 3.80
53.00 55.00 5.98
53.00 56.00 9.72
53.00 61.00 7.61
53.00 65.00 8.48
53.00 64.00 9.43
53.00 54.00 3.80
53.00 60.00 9.84
53.00 62.00 6.67
54.00 55.00 6.48
54.00 62.00 9.99
55.00 58.00 8.98
55.00 59.00 6.83
55.00 56.00 3.80
55.00 57.00 7.01
55.00 61.00 6.51
55.00 65.00 9.93
55.00 60.00 7.37
55.00 62.00 8.60
56.00 58.00 6.04
56.00 59.00 5.10
56.00 57.00 3.78
56.00 61.00 7.72
56.00 60.00 7.54
57.00 58.00 3.78
57.00 59.00 5.43
57.00 61.00 8.41
57.00 60.00 8.35
58.00 59.00 3.78
58.00 61.00 8.34
58.00 60.00 6.94
59.00 61.00 6.14
59.00 60.00 3.79
59.00 62.00 9.83
60.00 61.00 3.81
60.00 66.00 9.83
60.00 62.00 6.90
60.00 63.00 9.40
61.00 65.00 6.63
61.00 66.00 6.63
61.00 64.00 8.38
61.00 62.00 3.80
61.00 63.00 6.51
62.00 65.00 5.30
62.00 66.00 6.25
62.00 67.00 8.68
62.00 64.00 5.38
62.00 63.00 3.81
63.00 65.00 5.42
63.00 66.00 4.88
63.00 67.00 5.96
63.00 69.00 9.75
63.00 64.00 3.80
63.00 68.00 8.42
64.00 65.00 3.80
64.00 66.00 5.45
64.00 67.00 5.23
64.00 69.00 8.45
64.00 70.00 9.94
64.00 68.00 6.08
64.00 324.00 9.03
64.00 325.00 7.08
64.00 326.00 9.45
64.00 327.00 9.23
65.00 66.00 3.82
65.00 67.00 5.52
65.00 69.00 5.94
65.00 70.00 8.36
65.00 68.00 5.21
65.00 71.00 9.76
65.00 323.00 9.87
65.00 324.00 9.42
65.00 325.00 8.96
66.00 72.00 9.88
66.00 67.00 3.81
66.00 69.00 5.32
66.00 70.00 5.96
66.00 68.00 5.62
66.00 71.00 8.35
67.00 73.00 9.98
67.00 72.00 8.47
67.00 69.00 5.52
67.00 70.00 5.25
67.00 68.00 3.80
67.00 71.00 5.93
67.00 323.00 8.81
67.00 324.00 9.34
67.00 325.00 7.86
67.00 298.00 9.91
67.00 301.00 9.14
68.00 73.00 8.77
68.00 74.00 9.86
68.00 72.00 6.08
68.00 322.00 8.31
68.00 69.00 3.79
68.00 70.00 5.64
68.00 71.00 5.12
68.00 302.00 8.86
68.00 323.00 5.41
68.00 324.00 6.33
68.00 325.00 6.39
68.00 301.00 7.59
69.00 73.00 6.50
69.00 74.00 8.81
69.00 72.00 4.98
69.00 322.00 8.89
69.00 75.00 9.72
69.00 70.00 3.80
69.00 71.00 5.30
69.00 323.00 7.43
69.00 324.00 9.37
70.00 73.00 5.24
70.00 74.00 6.40
70.00 72.00 5.48
70.00 76.00 9.86
70.00 75.00 8.63
70.00 71.00 3.80
70.00 323.00 9.22
71.00 73.00 5.17
71.00 74.00 4.87
71.00 77.00 9.56
71.00 72.00 3.80
71.00 76.00 8.28
71.00 321.00 9.94
71.00 322.00 8.68
71.00 75.00 5.84
71.00 274.00 9.52
71.00 276.00 8.47
71.00 302.00 9.76
71.00 323.00 6.63
71.00 324.00 9.38
71.00 325.00 9.56
71.00 301.00 7.12
72.00 73.00 3.78
72.00 74.00 5.60
72.00 77.00 8.76
72.00 76.00 6.16
72.00 320.00 8.03
72.00 321.00 7.58
72.00 322.00 6.04
72.00 75.00 5.05
72.00 78.00 9.75
72.00 276.00 8.94
72.00 302.00 9.94
72.00 323.00 5.72
72.00 324.00 9.22
72.00 301.00 8.54
73.00 74.00 3.81
73.00 77.00 6.35
73.00 99.00 8.89
73.00 76.00 4.89
73.00 320.00 9.57
73.00 322.00 9.47
73.00 75.00 5.29
73.00 78.00 8.62
73.00 79.00 9.95
73.00 323.00 9.46
74.00 80.00 9.69
74.00 77.00 4.96
74.00 99.00 8.46
74.00 102.00 8.89
74.00 103.00 9.46
74.00 76.00 5.26
74.00 75.00 3.79
74.00 78.00 6.08
74.00 79.00 8.66
74.00 274.00 7.39
74.00 275.00 8.39
74.00 276.00 8.59
75.00 80.00 8.40
75.00 77.00 5.35
75.00 76.00 3.79
75.00 320.00 7.30
75.00 321.00 7.20
75.00 322.00 8.27
75.00 78.00 4.88
75.00 79.00 6.15
75.00 248.00 9.12
75.00 274.00 7.38
75.00 275.00 6.50
75.00 276.00 5.88
75.00 249.00 8.90
75.00 323.00 8.36
75.00 277.00 9.54
75.00 301.00 8.78
76.00 83.00 9.76
76.00 80.00 6.02
76.00 81.00 9.74
76.00 319.00 9.14
76.00 77.00 3.78
76.00 320.00 6.51
76.00 321.00 8.32
76.00 322.00 9.34
76.00 78.00 5.42
76.00 79.00 5.34
76.00 275.00 9.46
76.00 276.00 9.28
77.00 100.00 9.69
77.00 82.00 8.04
77.00 83.00 7.68
77.00 108.00 9.21
77.00 80.00 5.06
77.00 81.00 7.93
77.00 99.00 8.04
77.00 102.00 8.40
77.00 103.00 6.86
77.00 106.00 9.35
77.00 320.00 9.98
77.00 78.00 3.81
77.00 79.00 5.57
77.00 274.00 8.84
77.00 275.00 9.14
78.00 82.00 9.62
78.00 108.00 9.62
78.00 80.00 5.51
78.00 81.00 7.98
78.00 102.00 9.99
78.00 103.00 8.49
78.00 106.00 8.80
78.00 320.00 9.77
78.00 79.00 3.80
78.00 248.00 7.39
78.00 274.00 6.27
78.00 275.00 5.77
78.00 276.00 7.76
78.00 273.00 8.34
78.00 249.00 8.91
79.00 82.00 9.19
79.00 80.00 3.81
79.00 81.00 6.74
79.00 172.00 8.76
79.00 319.00 7.95
79.00 173.00 8.65
79.00 174.00 9.62
79.00 320.00 7.47
79.00 321.00 9.09
79.00 248.00 5.66
79.00 274.00 9.50
79.00 275.00 7.61
79.00 276.00 8.64
79.00 318.00 9.69
79.00 247.00 9.14
79.00 249.00 8.04
80.00 82.00 5.51
80.00 83.00 7.15
80.00 108.00 8.53
80.00 109.00 9.86
80.00 81.00 3.80
80.00 413.00 9.21
80.00 319.00 9.92
80.00 103.00 9.28
80.00 320.00 9.55
80.00 248.00 9.04
81.00 153.00 9.44
81.00 154.00 9.37
81.00 151.00 8.51
81.00 152.00 8.73
81.00 82.00 3.80
81.00 83.00 7.18
81.00 108.00 6.48
81.00 109.00 7.40
81.00 110.00 9.28
81.00 107.00 9.90
81.00 409.00 9.11
81.00 413.00 5.79
81.00 412.00 7.43
81.00 414.00 9.19
81.00 103.00 9.43
82.00 153.00 9.48
82.00 154.00 7.87
82.00 151.00 7.78
82.00 152.00 9.46
82.00 84.00 6.84
82.00 85.00 9.98
82.00 83.00 3.77
82.00 104.00 9.60
82.00 108.00 5.76
82.00 109.00 5.01
82.00 110.00 5.75
82.00 111.00 7.55
82.00 107.00 9.56
82.00 409.00 8.96
82.00 413.00 8.24
82.00 412.00 9.00
82.00 103.00 7.97
83.00 135.00 10.00
83.00 151.00 9.95
83.00 86.00 9.93
83.00 112.00 8.25
83.00 100.00 7.62
83.00 133.00 9.59
83.00 134.00 9.98
83.00 84.00 3.80
83.00 85.00 6.36
83.00 104.00 9.48
83.00 108.00 7.70
83.00 109.00 6.48
83.00 110.00 4.70
83.00 111.00 5.95
83.00 99.00 8.75
83.00 103.00 7.45
84.00 137.00 9.71
84.00 135.00 9.37
84.00 136.00 9.48
84.00 146.00 9.11
84.00 86.00 6.69
84.00 87.00 8.91
84.00 112.00 6.16
84.00 113.00 7.05
84.00 100.00 9.17
84.00 85.00 3.79
84.00 109.00 8.96
84.00 110.00 6.14
84.00 111.00 4.84
85.00 137.00 9.94
85.00 139.00 9.94
85.00 136.00 9.62
85.00 86.00 3.81
85.00 87.00 5.32
85.00 88.00 8.95
85.00 112.00 5.24
85.00 113.00 5.70
85.00 114.00 7.75
85.00 100.00 8.08
85.00 133.00 9.83
85.00 110.00 7.64
85.00 111.00 6.38
85.00 96.00 7.13
85.00 97.00 8.89
85.00 99.00 9.17
86.00 137.00 9.81
86.00 138.00 9.66
86.00 139.00 7.48
86.00 143.00 9.50
86.00 89.00 9.55
86.00 87.00 3.79
86.00 88.00 6.49
86.00 112.00 6.85
86.00 113.00 4.97
86.00 114.00 6.00
86.00 115.00 7.09
86.00 111.00 9.00
86.00 93.00 9.97
86.00 96.00 8.64
87.00 138.00 9.67
87.00 139.00 8.33
87.00 116.00 8.82
87.00 89.00 6.22
87.00 90.00 9.04
87.00 88.00 3.80
87.00 112.00 6.56
87.00 113.00 5.66
87.00 114.00 4.46
87.00 115.00 5.98
87.00 111.00 9.80
87.00 91.00 9.03
87.00 92.00 7.68
87.00 93.00 7.60
87.00 96.00 7.51
87.00 97.00 8.59
88.00 139.00 9.37
88.00 116.00 6.42
88.00 117.00 9.22
88.00 89.00 3.81
88.00 90.00 5.48
88.00 113.00 8.54
88.00 114.00 5.88
88.00 115.00 5.06
88.00 91.00 5.70
88.00 92.00 5.75
88.00 93.00 6.93
88.00 96.00 9.37
89.00 123.00 8.94
89.00 116.00 5.39
89.00 117.00 8.47
89.00 118.00 8.89
89.00 90.00 3.83
89.00 124.00 8.77
89.00 125.00 8.25
89.00 113.00 9.91
89.00 114.00 6.34
89.00 115.00 5.77
89.00 91.00 5.84
89.00 92.00 5.80
89.00 93.00 8.62
90.00 116.00 5.79
90.00 117.00 7.15
90.00 118.00 7.47
90.00 121.00 9.96
90.00 114.00 9.60
90.00 115.00 7.70
90.00 91.00 3.81
90.00 92.00 6.13
90.00 93.00 9.27
91.00 116.00 9.00
91.00 115.00 9.82
91.00 92.00 3.81
91.00 93.00 6.35
91.00 94.00 9.47
92.00 93.00 3.81
92.00 94.00 6.25
92.00 95.00 8.97
92.00 96.00 8.51
92.00 97.00 8.35
93.00 94.00 3.81
93.00 95.00 5.40
93.00 96.00 5.47
93.00 97.00 6.50
93.00 98.00 8.80
94.00 100.00 9.73
94.00 95.00 3.78
94.00 96.00 5.40
94.00 97.00 4.97
94.00 98.00 6.00
94.00 99.00 8.58
95.00 100.00 8.84
95.00 96.00 3.80
95.00 97.00 5.49
95.00 98.00 5.15
95.00 99.00 6.44
96.00 100.00 6.33
96.00 97.00 3.80
96.00 98.00 5.41
96.00 101.00 8.88
96.00 99.00 5.14
96.00 102.00 9.82
97.00 100.00 4.99
97.00 128.00 9.20
97.00 129.00 7.55
97.00 132.00 9.92
97.00 98.00 3.83
97.00 101.00 6.37
97.00 99.00 5.32
97.00 102.00 8.57
97.00 103.00 9.88
98.00 100.00 5.48
98.00 101.00 5.33
98.00 99.00 3.78
98.00 102.00 6.17
98.00 103.00 8.71
99.00 100.00 3.80
99.00 104.00 8.53
99.00 110.00 9.78
99.00 101.00 5.42
99.00 102.00 4.89
99.00 103.00 6.06
99.00 105.00 9.72
100.00 112.00 9.09
100.00 128.00 9.54
100.00 129.00 7.87
100.00 132.00 7.58
100.00 133.00 7.55
100.00 104.00 6.20
100.00 108.00 9.32
100.00 109.00 9.23
100.00 110.00 6.87
100.00 111.00 9.30
100.00 101.00 3.80
100.00 102.00 5.41
100.00 103.00 5.21
100.00 105.00 8.56
100.00 106.00 9.88
101.00 128.00 8.26
101.00 129.00 8.23
101.00 132.00 7.14
101.00 133.00 8.87
101.00 104.00 5.15
101.00 108.00 9.92
101.00 110.00 9.38
101.00 107.00 9.56
101.00 102.00 3.80
101.00 103.00 5.47
101.00 105.00 6.05
101.00 106.00 8.60
102.00 104.00 5.55
102.00 108.00 9.03
102.00 107.00 8.83
102.00 103.00 3.82
102.00 105.00 5.17
102.00 106.00 6.49
103.00 132.00 9.52
103.00 133.00 9.71
103.00 104.00 3.79
103.00 108.00 5.44
103.00 109.00 7.39
103.00 110.00 7.33
103.00 107.00 6.37
103.00 105.00 5.40
103.00 106.00 5.03
104.00 132.00 6.73
104.00 133.00 7.83
104.00 134.00 8.94
104.00 108.00 5.37
104.00 109.00 6.79
104.00 110.00 7.26
104.00 107.00 4.56
104.00 105.00 3.80
104.00 106.00 5.08
105.00 132.00 9.40
105.00 108.00 7.60
105.00 107.00 5.28
105.00 106.00 3.79
106.00 108.00 5.53
106.00 109.00 9.03
106.00 107.00 3.83
106.00 412.00 8.37
106.00 274.00 9.41
106.00 273.00 8.95
106.00 440.00 8.96
107.00 405.00 9.49
107.00 108.00 3.81
107.00 109.00 6.64
107.00 110.00 9.19
107.00 408.00 7.33
107.00 409.00 7.45
107.00 413.00 9.57
107.00 411.00 8.89
107.00 412.00 6.33
107.00 440.00 9.42
108.00 154.00 9.98
108.00 405.00 9.94
108.00 410.00 9.38
108.00 133.00 9.79
108.00 134.00 8.99
108.00 109.00 3.82
108.00 110.00 6.57
108.00 408.00 8.25
108.00 409.00 6.45
108.00 413.00 7.60
108.00 411.00 9.08
108.00 412.00 5.70
109.00 135.00 7.65
109.00 153.00 9.27
109.00 154.00 7.07
109.00 155.00 9.11
109.00 156.00 8.50
109.00 405.00 8.42
109.00 406.00 8.91
109.00 151.00 9.77
109.00 410.00 9.29
109.00 112.00 9.87
109.00 132.00 9.24
109.00 133.00 7.33
109.00 134.00 5.80
109.00 110.00 3.81
109.00 111.00 6.74
109.00 408.00 8.53
109.00 409.00 5.91
109.00 413.00 8.74
109.00 412.00 7.77
110.00 135.00 6.26
110.00 136.00 8.35
110.00 154.00 8.65
110.00 156.00 9.33
110.00 112.00 6.31
110.00 113.00 9.65
110.00 129.00 9.98
110.00 132.00 7.96
110.00 133.00 5.22
110.00 134.00 5.36
110.00 111.00 3.81
110.00 409.00 9.58
111.00 137.00 7.09
111.00 135.00 4.56
111.00 136.00 5.43
111.00 157.00 8.85
111.00 158.00 9.99
111.00 146.00 9.59
111.00 154.00 8.28
111.00 155.00 9.61
111.00 156.00 8.79
111.00 151.00 9.92
111.00 112.00 3.82
111.00 113.00 6.44
111.00 114.00 9.56
111.00 132.00 9.98
111.00 133.00 6.36
111.00 134.00 6.19
112.00 137.00 6.18
112.00 138.00 7.81
112.00 139.00 8.63
112.00 135.00 6.12
112.00 136.00 4.60
112.00 157.00 9.91
112.00 159.00 9.01
112.00 113.00 3.83
112.00 114.00 5.99
112.00 115.00 9.62
112.00 129.00 8.70
112.00 130.00 9.15
112.00 132.00 9.68
112.00 133.00 6.33
112.00 134.00 7.83
113.00 140.00 8.56
113.00 137.00 4.98
113.00 138.00 5.33
113.00 139.00 4.95
113.00 141.00 9.93
113.00 142.00 8.51
113.00 143.00 7.26
113.00 135.00 8.69
113.00 136.00 5.96
113.00 145.00 9.96
113.00 146.00 9.11
113.00 114.00 3.84
113.00 115.00 6.72
114.00 140.00 7.42
114.00 137.00 7.25
114.00 138.00 5.52
114.00 139.00 5.08
114.00 141.00 9.75
114.00 142.00 9.81
114.00 143.00 9.10
114.00 136.00 7.81
114.00 116.00 6.89
114.00 115.00 3.80
115.00 119.00 9.85
115.00 140.00 5.76
115.00 137.00 9.87
115.00 138.00 7.09
115.00 139.00 5.08
115.00 141.00 9.18
115.00 143.00 9.28
115.00 116.00 3.80
115.00 117.00 7.00
115.00 118.00 9.16
116.00 119.00 6.73
116.00 120.00 9.77
116.00 123.00 9.21
116.00 140.00 7.09
116.00 138.00 9.57
116.00 139.00 8.16
116.00 117.00 3.78
116.00 118.00 5.39
116.00 121.00 9.34
117.00 119.00 6.17
117.00 120.00 8.81
117.00 140.00 8.59
117.00 118.00 3.79
117.00 121.00 9.54
118.00 119.00 3.84
118.00 120.00 5.31
118.00 122.00 9.05
118.00 123.00 9.33
118.00 121.00 5.96
119.00 120.00 3.81
119.00 122.00 7.55
119.00 123.00 7.86
119.00 140.00 9.67
119.00 121.00 5.58
120.00 122.00 6.49
120.00 123.00 8.60
120.00 121.00 3.82
121.00 122.00 3.81
121.00 123.00 6.15
121.00 124.00 8.22
122.00 123.00 3.81
122.00 161.00 9.88
122.00 162.00 8.06
122.00 124.00 5.91
122.00 125.00 9.66
122.00 163.00 7.56
123.00 161.00 7.56
123.00 162.00 5.28
123.00 124.00 3.80
123.00 125.00 6.91
123.00 163.00 6.26
123.00 164.00 9.00
123.00 165.00 9.83
124.00 161.00 8.52
124.00 162.00 4.94
124.00 125.00 3.81
124.00 126.00 7.08
124.00 127.00 9.39
124.00 163.00 4.33
124.00 164.00 5.81
124.00 165.00 6.10
124.00 130.00 9.36
125.00 161.00 9.72
125.00 162.00 6.04
125.00 159.00 9.31
125.00 126.00 3.80
125.00 127.00 6.31
125.00 163.00 6.10
125.00 164.00 5.18
125.00 165.00 5.45
125.00 128.00 8.51
125.00 129.00 6.92
125.00 130.00 6.18
125.00 131.00 9.71
126.00 162.00 9.17
126.00 127.00 3.82
126.00 163.00 8.40
126.00 164.00 5.69
126.00 165.00 4.73
126.00 128.00 5.64
126.00 129.00 5.54
126.00 130.00 6.15
126.00 131.00 8.68
126.00 132.00 9.74
127.00 162.00 9.71
127.00 163.00 9.00
127.00 164.00 5.50
127.00 165.00 6.22
127.00 128.00 3.82
127.00 129.00 5.43
127.00 130.00 4.92
127.00 131.00 5.89
127.00 132.00 7.82
127.00 133.00 9.94
128.00 164.00 9.21
128.00 165.00 9.46
128.00 129.00 3.78
128.00 130.00 5.54
128.00 131.00 5.41
128.00 132.00 5.31
128.00 133.00 8.18
129.00 159.00 9.05
129.00 164.00 9.43
129.00 130.00 3.80
129.00 131.00 5.56
129.00 132.00 4.84
129.00 133.00 5.82
129.00 134.00 9.49
130.00 160.00 8.28
130.00 162.00 8.09
130.00 135.00 9.72
130.00 136.00 9.21
130.00 158.00 7.95
130.00 159.00 5.77
130.00 163.00 9.40
130.00 164.00 7.37
130.00 165.00 9.37
130.00 131.00 3.81
130.00 132.00 5.63
130.00 133.00 5.94
130.00 134.00 8.63
131.00 160.00 9.92
131.00 135.00 9.99
131.00 158.00 7.69
131.00 159.00 7.29
131.00 401.00 9.83
131.00 164.00 9.52
131.00 132.00 3.80
131.00 133.00 5.69
131.00 134.00 7.57
132.00 135.00 9.40
132.00 158.00 9.38
132.00 159.00 9.37
132.00 133.00 3.80
132.00 134.00 6.51
133.00 135.00 5.84
133.00 136.00 7.21
133.00 157.00 8.86
133.00 158.00 7.44
133.00 159.00 7.58
133.00 156.00 9.20
133.00 134.00 3.82
134.00 135.00 3.81
134.00 136.00 6.95
134.00 157.00 6.20
134.00 158.00 5.93
134.00 159.00 7.88
134.00 401.00 9.19
134.00 402.00 7.73
134.00 154.00 8.71
134.00 155.00 8.37
134.00 156.00 5.53
134.00 405.00 7.17
134.00 406.00 8.64
134.00 409.00 8.89
135.00 137.00 6.81
135.00 136.00 3.79
135.00 157.00 4.36
135.00 158.00 5.77
135.00 159.00 7.19
135.00 402.00 8.91
135.00 154.00 7.81
135.00 155.00 7.18
135.00 156.00 5.03
135.00 405.00 9.78
136.00 160.00 9.06
136.00 137.00 3.80
136.00 138.00 6.36
136.00 139.00 8.99
136.00 142.00 9.58
136.00 157.00 5.97
136.00 158.00 6.76
136.00 159.00 6.18
136.00 156.00 8.27
137.00 140.00 8.91
137.00 138.00 3.80
137.00 139.00 6.16
137.00 141.00 8.22
137.00 142.00 5.86
137.00 143.00 6.77
137.00 157.00 8.40
137.00 159.00 9.24
137.00 144.00 9.00
137.00 145.00 7.12
137.00 146.00 7.96
137.00 149.00 9.60
138.00 140.00 5.52
138.00 139.00 3.79
138.00 141.00 5.47
138.00 142.00 5.01
138.00 143.00 6.28
138.00 144.00 9.42
138.00 145.00 8.91
139.00 140.00 3.79
139.00 141.00 5.64
139.00 142.00 5.49
139.00 143.00 4.43
139.00 144.00 8.22
139.00 145.00 9.10
139.00 146.00 9.55
140.00 141.00 3.81
140.00 142.00 6.18
140.00 143.00 6.35
140.00 144.00 9.57
141.00 142.00 3.83
141.00 143.00 6.10
141.00 144.00 8.22
141.00 145.00 9.24
142.00 143.00 3.82
142.00 144.00 5.32
142.00 145.00 5.47
142.00 146.00 8.03
143.00 144.00 3.81
143.00 145.00 5.50
143.00 146.00 6.22
143.00 147.00 8.53
144.00 145.00 3.81
144.00 146.00 5.21
144.00 147.00 5.83
144.00 148.00 7.66
144.00 149.00 9.17
145.00 146.00 3.82
145.00 147.00 5.42
145.00 148.00 5.42
145.00 149.00 5.93
145.00 150.00 9.72
146.00 147.00 3.78
146.00 148.00 5.40
146.00 149.00 5.23
146.00 150.00 8.63
146.00 151.00 9.20
147.00 148.00 3.81
147.00 149.00 6.05
147.00 150.00 8.82
147.00 151.00 9.97
148.00 149.00 3.81
148.00 150.00 6.31
148.00 151.00 8.77
149.00 150.00 3.80
149.00 153.00 9.32
149.00 154.00 7.41
149.00 155.00 8.32
149.00 151.00 5.98
149.00 152.00 8.94
150.00 153.00 6.18
150.00 154.00 5.77
150.00 155.00 7.29
150.00 151.00 3.80
150.00 152.00 5.50
151.00 153.00 5.27
151.00 154.00 4.75
151.00 155.00 8.01
151.00 152.00 3.80
151.00 413.00 9.79
152.00 153.00 3.81
152.00 154.00 6.10
152.00 155.00 9.00
152.00 372.00 7.86
152.00 341.00 9.62
152.00 373.00 9.38
152.00 374.00 8.89
152.00 410.00 8.88
152.00 409.00 9.92
152.00 413.00 7.94
152.00 414.00 9.88
153.00 154.00 3.82
153.00 155.00 5.93
153.00 156.00 9.08
153.00 406.00 7.80
153.00 407.00 9.38
153.00 372.00 9.42
153.00 373.00 9.44
153.00 374.00 7.43
153.00 410.00 6.24
153.00 409.00 7.00
153.00 413.00 7.44
153.00 411.00 9.78
153.00 412.00 9.57
153.00 414.00 9.50
154.00 157.00 9.31
154.00 155.00 3.83
154.00 156.00 6.42
154.00 405.00 9.81
154.00 406.00 7.51
154.00 410.00 8.28
154.00 409.00 7.12
154.00 413.00 9.21
155.00 379.00 9.07
155.00 380.00 8.52
155.00 381.00 7.87
155.00 157.00 6.74
155.00 402.00 8.28
155.00 156.00 3.81
155.00 403.00 8.92
155.00 405.00 8.62
155.00 406.00 6.05
155.00 407.00 9.52
155.00 410.00 9.41
155.00 409.00 8.27
156.00 380.00 9.35
156.00 381.00 7.37
156.00 157.00 3.81
156.00 158.00 6.38
156.00 159.00 9.68
156.00 399.00 9.61
156.00 401.00 8.64
156.00 402.00 5.24
156.00 403.00 7.29
156.00 404.00 9.08
156.00 405.00 6.60
156.00 406.00 5.73
156.00 407.00 9.49
156.00 409.00 8.53
157.00 382.00 9.54
157.00 383.00 9.48
157.00 381.00 8.06
157.00 160.00 8.78
157.00 158.00 3.82
157.00 159.00 6.58
157.00 398.00 9.02
157.00 399.00 9.36
157.00 401.00 9.26
157.00 402.00 6.31
157.00 403.00 9.41
157.00 405.00 9.39
157.00 406.00 9.32
158.00 383.00 9.97
158.00 160.00 6.27
158.00 159.00 3.80
158.00 398.00 7.10
158.00 399.00 8.91
158.00 401.00 7.71
158.00 402.00 6.32
158.00 405.00 9.52
159.00 160.00 3.81
159.00 161.00 7.05
159.00 162.00 7.12
159.00 398.00 9.44
160.00 161.00 3.78
160.00 162.00 5.48
160.00 398.00 9.23
160.00 163.00 8.49
160.00 164.00 9.54
161.00 162.00 3.79
161.00 163.00 6.63
161.00 164.00 9.11
162.00 163.00 3.76
162.00 164.00 6.01
162.00 165.00 8.75
163.00 164.00 3.79
163.00 165.00 6.12
164.00 165.00 3.80
166.00 167.00 3.82
166.00 168.00 6.33
166.00 169.00 9.46
166.00 319.00 8.87
166.00 320.00 8.51
167.00 168.00 3.82
167.00 169.00 6.65
167.00 170.00 8.86
167.00 171.00 9.72
167.00 202.00 9.78
167.00 319.00 8.51
167.00 320.00 9.66
167.00 317.00 9.96
168.00 169.00 3.82
168.00 170.00 5.34
168.00 171.00 6.53
168.00 172.00 7.57
168.00 202.00 8.10
168.00 319.00 7.06
168.00 320.00 9.40
169.00 170.00 3.80
169.00 171.00 7.03
169.00 172.00 8.79
170.00 337.00 8.29
170.00 171.00 3.83
170.00 172.00 6.20
170.00 201.00 8.94
170.00 202.00 7.86
170.00 203.00 9.16
170.00 319.00 9.21
170.00 173.00 9.41
170.00 204.00 8.06
170.00 336.00 9.63
171.00 337.00 7.72
171.00 172.00 3.81
171.00 201.00 6.53
171.00 202.00 4.64
171.00 203.00 5.37
171.00 319.00 6.89
171.00 173.00 5.98
171.00 174.00 8.72
171.00 204.00 4.91
171.00 205.00 8.68
171.00 336.00 7.89
171.00 317.00 9.83
171.00 318.00 8.40
171.00 200.00 9.24
172.00 337.00 8.91
172.00 201.00 9.48
172.00 202.00 6.40
172.00 203.00 6.16
172.00 319.00 5.47
172.00 173.00 3.79
172.00 174.00 6.34
172.00 204.00 5.26
172.00 205.00 8.12
172.00 339.00 8.63
172.00 336.00 9.68
172.00 320.00 8.92
172.00 248.00 8.16
172.00 317.00 9.95
172.00 318.00 7.38
172.00 175.00 9.58
172.00 247.00 9.90
173.00 201.00 9.17
173.00 202.00 5.82
173.00 203.00 4.42
173.00 319.00 5.17
173.00 174.00 3.79
173.00 204.00 5.15
173.00 205.00 6.65
173.00 339.00 9.95
173.00 320.00 8.13
173.00 321.00 8.81
173.00 248.00 6.15
173.00 317.00 8.32
173.00 318.00 4.92
173.00 175.00 6.13
173.00 176.00 9.73
173.00 206.00 8.35
173.00 247.00 7.74
173.00 249.00 7.35
173.00 250.00 9.94
173.00 200.00 9.59
174.00 202.00 9.04
174.00 203.00 6.24
174.00 319.00 8.75
174.00 204.00 5.63
174.00 205.00 4.76
174.00 339.00 8.46
174.00 246.00 7.10
174.00 486.00 9.60
174.00 335.00 9.04
174.00 248.00 5.08
174.00 245.00 9.97
174.00 318.00 7.90
174.00 175.00 3.77
174.00 176.00 6.79
174.00 177.00 9.51
174.00 206.00 5.82
174.00 207.00 7.85
174.00 247.00 4.68
174.00 249.00 6.48
174.00 250.00 8.41
174.00 243.00 9.21
174.00 244.00 9.38
175.00 203.00 7.37
175.00 204.00 8.13
175.00 205.00 6.20
175.00 246.00 8.54
175.00 248.00 6.36
175.00 318.00 8.23
175.00 176.00 3.79
175.00 177.00 5.89
175.00 206.00 4.66
175.00 207.00 6.16
175.00 247.00 5.31
175.00 249.00 5.43
175.00 250.00 5.61
175.00 251.00 6.62
175.00 243.00 8.58
175.00 244.00 8.45
175.00 197.00 8.91
175.00 208.00 8.66
175.00 277.00 9.71
175.00 178.00 9.14
175.00 252.00 9.87
175.00 278.00 9.83
176.00 205.00 8.76
176.00 246.00 8.27
176.00 248.00 7.87
176.00 245.00 9.03
176.00 270.00 9.73
176.00 177.00 3.80
176.00 206.00 6.15
176.00 207.00 5.12
176.00 247.00 5.54
176.00 249.00 6.35
176.00 250.00 4.67
176.00 251.00 6.04
176.00 240.00 8.82
176.00 241.00 9.82
176.00 242.00 9.89
176.00 243.00 6.27
176.00 244.00 5.98
176.00 208.00 6.60
176.00 209.00 8.26
176.00 277.00 9.24
176.00 178.00 6.07
176.00 252.00 8.10
176.00 278.00 9.96
176.00 266.00 9.64
176.00 179.00 9.65
177.00 206.00 6.83
177.00 207.00 5.89
177.00 247.00 9.29
177.00 249.00 8.91
177.00 250.00 6.10
177.00 251.00 4.92
177.00 243.00 9.13
177.00 244.00 9.21
177.00 197.00 9.74
177.00 193.00 8.46
177.00 194.00 8.55
177.00 208.00 5.24
177.00 209.00 7.52
177.00 210.00 9.73
177.00 178.00 3.78
177.00 252.00 5.87
177.00 278.00 9.61
177.00 263.00 9.68
177.00 190.00 8.37
177.00 253.00 7.63
177.00 179.00 6.56
178.00 207.00 8.58
178.00 250.00 7.11
178.00 251.00 6.07
178.00 240.00 9.35
178.00 244.00 9.53
178.00 208.00 6.81
178.00 209.00 7.26
178.00 210.00 9.26
178.00 252.00 4.62
178.00 254.00 8.21
178.00 279.00 9.64
178.00 262.00 8.63
178.00 263.00 6.01
178.00 264.00 9.26
178.00 266.00 7.66
178.00 267.00 8.57
178.00 190.00 8.84
178.00 253.00 6.38
178.00 179.00 3.77
178.00 180.00 7.22
178.00 181.00 9.30
179.00 251.00 8.50
179.00 208.00 8.33
179.00 209.00 8.48
179.00 210.00 8.95
179.00 252.00 5.74
179.00 254.00 6.54
179.00 280.00 9.86
179.00 260.00 8.25
179.00 262.00 8.31
179.00 263.00 6.17
179.00 264.00 9.67
179.00 266.00 9.86
179.00 186.00 7.60
179.00 187.00 8.48
179.00 189.00 8.91
179.00 190.00 7.06
179.00 253.00 5.07
179.00 180.00 3.78
179.00 181.00 6.11
179.00 182.00 9.12
179.00 255.00 8.18
180.00 210.00 9.40
180.00 252.00 9.02
180.00 254.00 7.67
180.00 260.00 6.39
180.00 261.00 9.08
180.00 262.00 7.70
180.00 263.00 7.03
180.00 186.00 6.32
180.00 187.00 7.76
180.00 189.00 9.80
180.00 190.00 8.65
180.00 253.00 7.56
180.00 181.00 3.77
180.00 182.00 5.88
180.00 185.00 9.98
180.00 183.00 8.69
180.00 259.00 8.92
180.00 255.00 7.53
180.00 258.00 9.37
181.00 209.00 9.63
181.00 210.00 7.61
181.00 260.00 9.73
181.00 186.00 5.68
181.00 187.00 5.42
181.00 189.00 9.44
181.00 190.00 7.91
181.00 253.00 9.90
181.00 182.00 3.79
181.00 184.00 8.42
181.00 185.00 8.98
181.00 188.00 9.11
181.00 183.00 7.01
182.00 186.00 5.62
182.00 187.00 6.34
182.00 184.00 6.41
182.00 185.00 7.65
182.00 188.00 9.58
182.00 183.00 3.79
183.00 186.00 5.37
183.00 187.00 6.71
183.00 184.00 3.75
183.00 185.00 5.22
183.00 188.00 8.64
184.00 186.00 5.51
184.00 187.00 5.40
184.00 189.00 8.67
184.00 190.00 9.95
184.00 185.00 3.83
184.00 188.00 6.03
185.00 191.00 9.79
185.00 186.00 3.83
185.00 187.00 5.69
185.00 189.00 6.25
185.00 190.00 8.69
185.00 188.00 5.14
185.00 255.00 9.63
185.00 282.00 9.86
185.00 284.00 9.43
186.00 191.00 8.66
186.00 254.00 9.17
186.00 187.00 3.79
186.00 189.00 5.27
186.00 190.00 6.32
186.00 253.00 8.14
186.00 188.00 5.38
186.00 255.00 7.76
186.00 282.00 9.31
187.00 191.00 6.14
187.00 192.00 8.74
187.00 193.00 9.66
187.00 210.00 9.99
187.00 189.00 5.50
187.00 190.00 4.97
187.00 253.00 9.97
187.00 188.00 3.81
188.00 191.00 4.86
188.00 192.00 6.24
188.00 193.00 8.42
188.00 194.00 9.91
188.00 189.00 3.81
188.00 190.00 5.27
189.00 191.00 5.29
189.00 192.00 5.06
189.00 193.00 5.88
189.00 194.00 8.58
189.00 195.00 9.81
189.00 254.00 9.93
189.00 306.00 8.83
189.00 310.00 9.19
189.00 190.00 3.79
189.00 253.00 7.32
189.00 255.00 9.97
189.00 282.00 9.08
190.00 196.00 9.94
190.00 191.00 3.79
190.00 192.00 5.49
190.00 193.00 4.93
190.00 194.00 6.30
190.00 195.00 8.75
190.00 208.00 8.76
190.00 210.00 9.97
190.00 252.00 9.57
190.00 253.00 7.20
191.00 196.00 8.91
191.00 192.00 3.80
191.00 193.00 5.43
191.00 194.00 5.39
191.00 195.00 6.52
192.00 196.00 6.20
192.00 197.00 8.54
192.00 198.00 9.79
192.00 193.00 3.80
192.00 194.00 5.39
192.00 195.00 5.03
192.00 310.00 8.82
192.00 311.00 9.03
193.00 313.00 7.49
193.00 251.00 9.32
193.00 196.00 5.24
193.00 197.00 6.10
193.00 198.00 8.51
193.00 314.00 8.74
193.00 194.00 3.80
193.00 195.00 5.47
193.00 252.00 9.73
193.00 280.00 9.93
193.00 306.00 9.60
193.00 310.00 7.85
193.00 311.00 8.48
193.00 253.00 8.10
194.00 333.00 9.05
194.00 313.00 9.33
194.00 206.00 8.09
194.00 207.00 9.58
194.00 196.00 5.46
194.00 197.00 5.07
194.00 198.00 5.99
194.00 199.00 8.81
194.00 314.00 9.44
194.00 195.00 3.80
194.00 208.00 8.73
195.00 313.00 9.48
195.00 196.00 3.80
195.00 197.00 5.53
195.00 198.00 5.14
195.00 199.00 6.78
195.00 200.00 9.29
195.00 314.00 8.31
195.00 311.00 9.81
196.00 313.00 5.92
196.00 315.00 8.48
196.00 197.00 3.80
196.00 198.00 5.37
196.00 199.00 5.42
196.00 200.00 6.89
196.00 312.00 7.99
196.00 314.00 4.66
196.00 310.00 8.45
196.00 311.00 6.63
197.00 201.00 8.66
197.00 202.00 9.06
197.00 203.00 7.13
197.00 204.00 9.91
197.00 205.00 9.28
197.00 313.00 5.97
197.00 315.00 8.37
197.00 316.00 9.19
197.00 206.00 7.86
197.00 198.00 3.79
197.00 199.00 5.32
197.00 200.00 5.23
197.00 312.00 9.22
197.00 314.00 5.28
197.00 311.00 9.25
198.00 201.00 8.08
198.00 202.00 9.67
198.00 203.00 7.60
198.00 204.00 9.43
198.00 205.00 9.03
198.00 333.00 9.69
198.00 334.00 9.86
198.00 335.00 9.91
198.00 336.00 9.18
198.00 313.00 9.37
198.00 206.00 8.49
198.00 199.00 3.80
198.00 200.00 5.60
198.00 314.00 7.38
199.00 201.00 6.39
199.00 202.00 8.97
199.00 203.00 8.46
199.00 313.00 8.75
199.00 315.00 7.90
199.00 200.00 3.81
199.00 314.00 5.49
200.00 201.00 3.85
200.00 202.00 5.45
200.00 203.00 5.76
200.00 204.00 9.06
200.00 313.00 7.31
200.00 315.00 5.58
200.00 316.00 7.47
200.00 317.00 8.20
200.00 318.00 8.57
200.00 312.00 9.26
200.00 314.00 4.63
201.00 202.00 3.81
201.00 203.00 5.61
201.00 319.00 9.53
201.00 204.00 8.03
201.00 336.00 9.30
201.00 315.00 7.72
201.00 316.00 9.28
201.00 317.00 8.43
201.00 318.00 8.89
201.00 314.00 8.18
202.00 203.00 3.80
202.00 319.00 5.82
202.00 204.00 6.58
202.00 205.00 9.40
202.00 336.00 9.85
202.00 320.00 9.10
202.00 315.00 8.09
202.00 316.00 7.93
202.00 317.00 5.96
202.00 318.00 5.46
202.00 314.00 9.09
203.00 337.00 9.35
203.00 319.00 7.57
203.00 204.00 3.81
203.00 205.00 5.74
203.00 335.00 8.69
203.00 336.00 7.53
203.00 315.00 9.83
203.00 316.00 9.52
203.00 317.00 8.40
203.00 318.00 6.35
203.00 206.00 7.42
203.00 314.00 9.36
204.00 337.00 5.92
204.00 338.00 8.13
204.00 319.00 9.24
204.00 205.00 3.81
204.00 339.00 7.47
204.00 486.00 9.98
204.00 334.00 9.21
204.00 335.00 5.88
204.00 336.00 5.05
204.00 318.00 9.15
204.00 206.00 7.18
205.00 337.00 7.62
205.00 338.00 8.80
205.00 339.00 7.52
205.00 246.00 9.56
205.00 486.00 7.75
205.00 487.00 9.27
205.00 333.00 6.97
205.00 334.00 6.92
205.00 335.00 4.52
205.00 336.00 6.19
205.00 248.00 9.79
205.00 206.00 3.80
205.00 207.00 6.76
205.00 247.00 8.41
206.00 246.00 9.98
206.00 486.00 9.35
206.00 487.00 9.33
206.00 333.00 5.68
206.00 334.00 7.63
206.00 335.00 7.08
206.00 336.00 9.23
206.00 207.00 3.79
206.00 247.00 8.22
206.00 250.00 9.75
206.00 251.00 9.76
206.00 243.00 9.09
206.00 208.00 6.62
206.00 209.00 9.91
207.00 246.00 9.11
207.00 486.00 8.97
207.00 487.00 7.43
207.00 333.00 5.82
207.00 334.00 8.86
207.00 335.00 9.22
207.00 247.00 8.07
207.00 250.00 9.71
207.00 240.00 8.89
207.00 242.00 9.92
207.00 243.00 6.39
207.00 244.00 8.72
207.00 208.00 3.79
207.00 209.00 6.34
207.00 210.00 8.90
207.00 211.00 8.10
207.00 212.00 9.80
208.00 333.00 7.12
208.00 240.00 8.67
208.00 243.00 8.34
208.00 209.00 3.84
208.00 210.00 5.54
208.00 211.00 5.62
208.00 212.00 8.27
209.00 333.00 9.87
209.00 239.00 7.50
209.00 240.00 5.95
209.00 241.00 9.60
209.00 243.00 7.78
209.00 244.00 9.92
209.00 236.00 8.55
209.00 237.00 9.39
209.00 210.00 3.80
209.00 211.00 5.69
209.00 212.00 7.10
209.00 213.00 7.99
210.00 240.00 9.29
210.00 236.00 9.69
210.00 211.00 3.82
210.00 212.00 5.93
210.00 213.00 6.95
211.00 333.00 7.66
211.00 212.00 3.81
211.00 213.00 6.77
212.00 489.00 8.89
212.00 333.00 9.12
212.00 239.00 9.59
212.00 236.00 9.65
212.00 213.00 3.76
212.00 214.00 7.09
212.00 215.00 9.76
213.00 489.00 8.58
213.00 490.00 9.70
213.00 239.00 8.52
213.00 235.00 8.84
213.00 236.00 6.90
213.00 214.00 3.75
213.00 215.00 6.58
213.00 232.00 9.16
213.00 216.00 9.89
214.00 489.00 8.02
214.00 490.00 7.82
214.00 491.00 8.14
214.00 217.00 9.76
214.00 239.00 8.65
214.00 233.00 9.07
214.00 234.00 9.75
214.00 235.00 6.62
214.00 236.00 6.31
214.00 231.00 9.41
214.00 215.00 3.79
214.00 232.00 6.58
214.00 216.00 6.61
215.00 491.00 9.57
215.00 217.00 6.25
215.00 235.00 8.98
215.00 236.00 9.28
215.00 231.00 9.28
215.00 232.00 6.83
215.00 216.00 3.80
215.00 218.00 8.90
215.00 219.00 7.92
215.00 222.00 9.28
216.00 491.00 9.66
216.00 217.00 3.86
216.00 233.00 9.54
216.00 235.00 9.12
216.00 230.00 9.53
216.00 231.00 6.93
216.00 232.00 5.76
216.00 218.00 5.46
216.00 219.00 5.27
216.00 228.00 9.49
216.00 229.00 7.73
216.00 222.00 9.06
216.00 220.00 8.40
217.00 231.00 9.95
217.00 232.00 9.47
217.00 218.00 3.81
217.00 219.00 5.32
217.00 220.00 7.38
218.00 231.00 9.12
218.00 232.00 9.50
218.00 219.00 3.77
218.00 229.00 8.21
218.00 222.00 9.96
218.00 220.00 6.30
218.00 221.00 9.93
219.00 230.00 9.75
219.00 231.00 9.03
219.00 232.00 8.13
219.00 228.00 7.60
219.00 229.00 6.42
219.00 222.00 6.25
219.00 220.00 3.80
219.00 221.00 6.78
219.00 227.00 9.99
219.00 223.00 9.93
220.00 228.00 9.49
220.00 229.00 9.45
220.00 222.00 5.52
220.00 221.00 3.81
220.00 223.00 9.10
221.00 228.00 9.77
221.00 222.00 3.84
221.00 226.00 9.69
221.00 223.00 6.38
222.00 232.00 9.82
222.00 228.00 6.76
222.00 229.00 8.75
222.00 224.00 6.99
222.00 225.00 9.29
222.00 226.00 7.25
222.00 227.00 7.86
222.00 223.00 3.80
223.00 228.00 7.74
223.00 224.00 3.80
223.00 225.00 6.30
223.00 226.00 5.25
223.00 227.00 7.66
224.00 228.00 8.29
224.00 225.00 3.78
224.00 226.00 5.29
224.00 227.00 8.21
225.00 228.00 8.25
225.00 226.00 3.78
225.00 227.00 6.84
226.00 228.00 6.16
226.00 229.00 9.85
226.00 227.00 3.80
227.00 233.00 9.79
227.00 230.00 9.34
227.00 228.00 3.82
227.00 229.00 6.90
228.00 233.00 6.60
228.00 230.00 6.52
228.00 231.00 8.37
228.00 232.00 6.59
228.00 229.00 3.81
229.00 233.00 6.18
229.00 234.00 8.64
229.00 230.00 3.80
229.00 231.00 5.33
229.00 232.00 5.21
230.00 233.00 4.91
230.00 234.00 6.03
230.00 235.00 8.52
230.00 236.00 9.83
230.00 231.00 3.82
230.00 232.00 5.47
231.00 491.00 9.11
231.00 492.00 7.11
231.00 493.00 9.47
231.00 494.00 9.21
231.00 233.00 5.41
231.00 234.00 5.22
231.00 235.00 6.15
231.00 236.00 8.51
231.00 237.00 9.93
231.00 232.00 3.82
232.00 491.00 9.52
232.00 492.00 8.98
232.00 233.00 3.80
232.00 234.00 5.52
232.00 235.00 5.25
232.00 236.00 6.01
232.00 237.00 8.41
232.00 238.00 9.85
233.00 239.00 9.85
233.00 234.00 3.80
233.00 235.00 5.60
233.00 236.00 5.32
233.00 237.00 5.98
233.00 238.00 8.41
234.00 465.00 9.82
234.00 468.00 9.09
234.00 490.00 8.90
234.00 491.00 9.34
234.00 492.00 7.79
234.00 239.00 8.41
234.00 235.00 3.79
234.00 236.00 5.50
234.00 237.00 5.20
234.00 238.00 5.94
235.00 489.00 8.20
235.00 468.00 7.62
235.00 469.00 8.82
235.00 490.00 5.57
235.00 491.00 6.42
235.00 492.00 6.43
235.00 239.00 6.05
235.00 240.00 8.77
235.00 241.00 9.88
235.00 236.00 3.78
235.00 237.00 5.59
235.00 238.00 5.16
236.00 489.00 8.81
236.00 490.00 7.68
236.00 491.00 9.52
236.00 239.00 4.97
236.00 240.00 6.49
236.00 241.00 8.81
236.00 242.00 9.74
236.00 237.00 3.80
236.00 238.00 5.37
237.00 490.00 9.36
237.00 239.00 5.42
237.00 240.00 5.28
237.00 241.00 6.40
237.00 242.00 8.63
237.00 243.00 9.95
237.00 238.00 3.81
238.00 442.00 9.90
238.00 443.00 8.37
238.00 488.00 9.92
238.00 489.00 8.50
238.00 468.00 7.07
238.00 469.00 9.71
238.00 490.00 6.75
238.00 491.00 9.43
238.00 492.00 9.52
238.00 441.00 9.43
238.00 239.00 3.79
238.00 240.00 5.27
238.00 241.00 4.90
238.00 242.00 5.83
238.00 243.00 8.35
238.00 244.00 9.60
239.00 443.00 8.89
239.00 487.00 8.03
239.00 488.00 7.64
239.00 489.00 5.91
239.00 468.00 8.58
239.00 469.00 9.99
239.00 490.00 5.93
239.00 491.00 9.34
239.00 245.00 9.79
239.00 240.00 3.78
239.00 241.00 5.53
239.00 242.00 5.04
239.00 243.00 6.21
239.00 244.00 8.76
240.00 246.00 9.95
240.00 487.00 9.56
240.00 489.00 9.31
240.00 490.00 9.68
240.00 245.00 8.69
240.00 241.00 3.82
240.00 242.00 5.38
240.00 243.00 5.01
240.00 244.00 6.38
240.00 266.00 8.84
241.00 442.00 8.31
241.00 443.00 8.55
241.00 246.00 8.62
241.00 245.00 6.11
241.00 270.00 9.43
241.00 441.00 7.35
241.00 247.00 9.69
241.00 242.00 3.82
241.00 243.00 5.26
241.00 244.00 4.96
241.00 269.00 8.85
241.00 266.00 8.46
242.00 415.00 9.09
242.00 416.00 8.93
242.00 442.00 6.40
242.00 443.00 5.79
242.00 444.00 9.48
242.00 246.00 6.16
242.00 487.00 7.26
242.00 488.00 7.13
242.00 489.00 8.02
242.00 468.00 8.81
242.00 490.00 8.38
242.00 245.00 4.97
242.00 441.00 7.35
242.00 247.00 8.48
242.00 243.00 3.79
242.00 244.00 5.41
243.00 442.00 9.31
243.00 443.00 9.17
243.00 246.00 5.19
243.00 486.00 9.01
243.00 487.00 6.44
243.00 488.00 8.24
243.00 489.00 9.12
243.00 248.00 9.74
243.00 245.00 5.38
243.00 247.00 6.01
243.00 250.00 9.80
243.00 244.00 3.79
244.00 442.00 9.08
244.00 246.00 5.53
244.00 487.00 9.98
244.00 248.00 7.98
244.00 275.00 9.11
244.00 245.00 3.80
244.00 270.00 6.87
244.00 273.00 9.35
244.00 441.00 8.82
244.00 247.00 5.05
244.00 249.00 8.04
244.00 250.00 7.64
244.00 269.00 8.41
244.00 266.00 8.05
244.00 267.00 9.66
245.00 415.00 7.46
245.00 416.00 9.03
245.00 442.00 5.77
245.00 443.00 7.82
245.00 246.00 3.82
245.00 487.00 9.83
245.00 248.00 7.93
245.00 275.00 9.47
245.00 270.00 8.43
245.00 273.00 8.72
245.00 440.00 8.36
245.00 441.00 6.29
245.00 247.00 5.50
245.00 249.00 9.52
245.00 269.00 9.95
246.00 341.00 9.74
246.00 414.00 9.25
246.00 415.00 5.78
246.00 416.00 8.22
246.00 442.00 7.64
246.00 443.00 8.69
246.00 339.00 8.70
246.00 340.00 8.72
246.00 485.00 9.77
246.00 486.00 7.92
246.00 487.00 7.49
246.00 488.00 9.07
246.00 248.00 6.69
246.00 441.00 9.55
246.00 247.00 3.81
246.00 249.00 9.08
247.00 415.00 9.17
247.00 486.00 10.00
247.00 487.00 9.67
247.00 248.00 3.78
247.00 275.00 8.44
247.00 276.00 9.76
247.00 270.00 9.28
247.00 249.00 5.39
247.00 250.00 7.00
248.00 319.00 8.69
248.00 320.00 9.45
248.00 321.00 9.36
248.00 274.00 9.91
248.00 275.00 6.55
248.00 276.00 7.44
248.00 270.00 9.57
248.00 318.00 8.45
248.00 249.00 3.80
248.00 250.00 7.17
248.00 277.00 9.30
249.00 319.00 9.45
249.00 320.00 9.48
249.00 321.00 7.85
249.00 274.00 9.52
249.00 275.00 5.72
249.00 276.00 4.99
249.00 270.00 8.08
249.00 318.00 7.76
249.00 250.00 3.76
249.00 251.00 6.83
249.00 271.00 9.68
249.00 277.00 5.75
249.00 278.00 7.47
250.00 321.00 10.00
250.00 275.00 7.54
250.00 276.00 6.37
250.00 270.00 7.47
250.00 318.00 9.93
250.00 251.00 3.79
250.00 302.00 9.97
250.00 271.00 9.45
250.00 277.00 4.58
250.00 300.00 9.43
250.00 301.00 9.99
250.00 252.00 6.39
250.00 278.00 5.82
250.00 279.00 8.12
250.00 266.00 8.80
250.00 267.00 7.59
250.00 253.00 9.97
251.00 276.00 8.86
251.00 313.00 9.13
251.00 302.00 9.35
251.00 277.00 6.03
251.00 300.00 9.89
251.00 303.00 9.53
251.00 304.00 9.72
251.00 252.00 3.79
251.00 254.00 8.99
251.00 278.00 4.70
251.00 279.00 6.01
251.00 280.00 7.11
251.00 263.00 9.99
251.00 267.00 9.07
251.00 253.00 6.71
252.00 277.00 7.57
252.00 300.00 9.79
252.00 303.00 9.66
252.00 304.00 9.97
252.00 254.00 5.40
252.00 278.00 6.33
252.00 279.00 5.13
252.00 280.00 5.70
252.00 281.00 7.86
252.00 263.00 7.11
252.00 264.00 9.01
252.00 266.00 9.15
252.00 267.00 8.00
252.00 306.00 9.98
252.00 253.00 3.80
252.00 255.00 9.02
253.00 304.00 9.90
253.00 305.00 9.66
253.00 254.00 3.80
253.00 278.00 8.99
253.00 279.00 6.80
253.00 280.00 4.99
253.00 281.00 6.10
253.00 263.00 8.61
253.00 306.00 7.58
253.00 310.00 9.58
253.00 256.00 9.43
253.00 255.00 6.49
253.00 282.00 7.16
254.00 305.00 9.74
254.00 278.00 9.92
254.00 279.00 6.66
254.00 280.00 5.63
254.00 281.00 4.54
254.00 260.00 7.78
254.00 263.00 7.51
254.00 264.00 8.73
254.00 306.00 8.50
254.00 256.00 6.07
254.00 259.00 7.73
254.00 255.00 3.81
254.00 257.00 8.97
254.00 282.00 5.99
254.00 283.00 8.84
254.00 258.00 9.04
255.00 280.00 8.50
255.00 281.00 5.95
255.00 260.00 7.17
255.00 263.00 9.47
255.00 306.00 9.54
255.00 256.00 3.82
255.00 259.00 6.00
255.00 257.00 5.49
255.00 282.00 5.05
255.00 283.00 6.44
255.00 284.00 9.08
255.00 258.00 5.81
256.00 280.00 9.66
256.00 281.00 6.14
256.00 260.00 8.72
256.00 290.00 9.22
256.00 291.00 8.99
256.00 292.00 8.37
256.00 259.00 5.92
256.00 257.00 3.82
256.00 282.00 5.61
256.00 283.00 5.38
256.00 284.00 8.54
256.00 285.00 9.33
256.00 258.00 5.81
257.00 281.00 9.51
257.00 260.00 9.34
257.00 259.00 6.22
257.00 282.00 7.66
257.00 283.00 5.81
257.00 284.00 7.31
257.00 285.00 8.14
257.00 258.00 3.79
258.00 260.00 6.38
258.00 261.00 9.64
258.00 259.00 3.80
258.00 282.00 9.91
258.00 283.00 9.09
259.00 260.00 3.80
259.00 261.00 6.42
259.00 262.00 9.10
259.00 263.00 8.58
259.00 264.00 8.31
260.00 261.00 3.81
260.00 262.00 5.51
260.00 263.00 5.67
260.00 264.00 6.51
260.00 265.00 8.79
261.00 262.00 3.81
261.00 263.00 5.44
261.00 264.00 4.90
261.00 265.00 5.88
261.00 266.00 8.47
261.00 267.00 9.68
262.00 263.00 3.79
262.00 264.00 5.44
262.00 265.00 5.09
262.00 266.00 6.29
262.00 267.00 8.72
263.00 268.00 8.70
263.00 269.00 9.78
263.00 264.00 3.79
263.00 265.00 5.40
263.00 266.00 5.05
263.00 267.00 6.19
264.00 270.00 9.92
264.00 299.00 9.98
264.00 268.00 6.29
264.00 269.00 8.60
264.00 265.00 3.82
264.00 266.00 5.34
264.00 267.00 5.03
264.00 295.00 9.14
264.00 296.00 7.45
265.00 270.00 8.71
265.00 268.00 5.29
265.00 269.00 6.19
265.00 266.00 3.80
265.00 267.00 5.54
266.00 270.00 6.09
266.00 271.00 8.53
266.00 277.00 9.75
266.00 268.00 5.36
266.00 269.00 4.95
266.00 272.00 9.82
266.00 267.00 3.80
267.00 275.00 9.24
267.00 276.00 9.21
267.00 270.00 5.24
267.00 273.00 9.95
267.00 271.00 6.19
267.00 277.00 6.81
267.00 299.00 7.59
267.00 300.00 7.53
267.00 268.00 3.79
267.00 269.00 5.52
267.00 272.00 8.65
267.00 278.00 9.26
267.00 279.00 8.99
267.00 295.00 9.51
267.00 296.00 7.77
268.00 274.00 9.63
268.00 275.00 9.85
268.00 270.00 5.43
268.00 273.00 8.67
268.00 271.00 5.12
268.00 277.00 9.34
268.00 299.00 7.19
268.00 300.00 8.86
268.00 269.00 3.84
268.00 272.00 6.16
268.00 295.00 8.24
268.00 296.00 8.15
269.00 274.00 8.87
269.00 275.00 9.00
269.00 270.00 3.81
269.00 273.00 6.53
269.00 271.00 5.59
269.00 272.00 5.25
270.00 274.00 6.37
270.00 275.00 5.39
270.00 276.00 7.43
270.00 273.00 5.04
270.00 271.00 3.81
270.00 277.00 7.33
270.00 299.00 9.46
270.00 300.00 9.63
270.00 272.00 5.40
271.00 274.00 4.66
271.00 275.00 5.39
271.00 276.00 6.83
271.00 273.00 5.18
271.00 277.00 7.25
271.00 299.00 6.61
271.00 300.00 7.69
271.00 301.00 9.01
271.00 272.00 3.80
272.00 274.00 5.26
272.00 275.00 7.55
272.00 273.00 3.82
272.00 299.00 9.35
273.00 274.00 3.84
273.00 275.00 5.53
273.00 276.00 9.05
273.00 440.00 8.92
273.00 441.00 9.32
274.00 275.00 3.80
274.00 276.00 6.62
274.00 277.00 9.17
274.00 299.00 9.99
275.00 276.00 3.81
275.00 277.00 6.49
275.00 300.00 9.56
275.00 301.00 9.02
275.00 278.00 9.95
276.00 320.00 9.45
276.00 321.00 7.16
276.00 322.00 9.17
276.00 318.00 9.88
276.00 302.00 7.63
276.00 323.00 8.28
276.00 277.00 3.79
276.00 299.00 9.12
276.00 300.00 7.13
276.00 301.00 5.83
276.00 278.00 6.66
276.00 279.00 9.75
277.00 321.00 8.74
277.00 302.00 6.34
277.00 323.00 9.16
277.00 299.00 7.90
277.00 300.00 5.11
277.00 301.00 5.52
277.00 303.00 8.39
277.00 278.00 3.78
277.00 279.00 6.22
277.00 280.00 9.65
277.00 296.00 9.94
278.00 321.00 8.26
278.00 322.00 9.66
278.00 313.00 9.66
278.00 318.00 9.92
278.00 302.00 4.67
278.00 323.00 8.61
278.00 324.00 8.90
278.00 325.00 9.99
278.00 299.00 9.97
278.00 300.00 6.34
278.00 301.00 6.31
278.00 303.00 5.59
278.00 304.00 7.12
278.00 279.00 3.80
278.00 280.00 6.52
278.00 281.00 9.70
279.00 302.00 6.17
279.00 324.00 9.96
279.00 299.00 9.66
279.00 300.00 6.35
279.00 301.00 7.89
279.00 303.00 4.71
279.00 304.00 6.22
279.00 305.00 7.87
279.00 280.00 3.81
279.00 281.00 6.14
279.00 306.00 8.73
279.00 326.00 8.98
279.00 296.00 8.72
279.00 297.00 9.17
279.00 282.00 9.74
280.00 313.00 9.35
280.00 302.00 8.73
280.00 303.00 6.03
280.00 304.00 5.09
280.00 305.00 5.29
280.00 281.00 3.81
280.00 306.00 5.03
280.00 307.00 8.52
280.00 309.00 8.71
280.00 310.00 7.41
280.00 282.00 6.71
281.00 303.00 7.88
281.00 304.00 7.35
281.00 305.00 5.57
281.00 306.00 5.30
281.00 307.00 7.40
281.00 308.00 9.93
281.00 309.00 9.97
281.00 310.00 9.21
281.00 282.00 3.81
281.00 283.00 6.89
282.00 304.00 9.99
282.00 305.00 7.17
282.00 306.00 5.31
282.00 307.00 5.76
282.00 308.00 9.29
282.00 310.00 9.36
282.00 286.00 8.74
282.00 283.00 3.78
282.00 284.00 6.87
282.00 285.00 8.91
283.00 305.00 9.69
283.00 306.00 8.37
283.00 307.00 7.11
283.00 290.00 9.68
283.00 286.00 6.02
283.00 284.00 3.79
283.00 285.00 5.24
283.00 287.00 9.15
283.00 288.00 8.94
284.00 307.00 8.53
284.00 286.00 6.16
284.00 285.00 3.81
284.00 287.00 8.84
284.00 288.00 9.25
285.00 290.00 9.90
285.00 286.00 3.85
285.00 289.00 8.87
285.00 287.00 5.30
285.00 288.00 5.67
286.00 307.00 8.17
286.00 290.00 8.40
286.00 289.00 8.16
286.00 287.00 3.79
286.00 288.00 5.84
287.00 290.00 8.36
287.00 289.00 6.59
287.00 288.00 3.81
288.00 290.00 6.56
288.00 291.00 9.22
288.00 289.00 3.82
289.00 329.00 8.41
289.00 290.00 3.81
289.00 291.00 6.12
289.00 292.00 9.74
289.00 330.00 8.20
290.00 331.00 8.93
290.00 328.00 7.40
290.00 329.00 5.01
290.00 291.00 3.80
290.00 292.00 6.93
290.00 330.00 6.07
291.00 293.00 7.05
291.00 294.00 9.34
291.00 297.00 9.31
291.00 331.00 5.81
291.00 328.00 8.50
291.00 329.00 4.85
291.00 292.00 3.81
291.00 330.00 4.37
291.00 332.00 7.16
292.00 298.00 9.64
292.00 326.00 9.36
292.00 327.00 9.98
292.00 293.00 3.79
292.00 294.00 6.33
292.00 295.00 8.50
292.00 296.00 6.98
292.00 297.00 6.11
292.00 331.00 5.39
292.00 328.00 9.64
292.00 329.00 6.00
292.00 330.00 6.21
292.00 332.00 6.41
293.00 298.00 8.60
293.00 299.00 9.78
293.00 294.00 3.82
293.00 295.00 5.61
293.00 296.00 5.52
293.00 297.00 6.04
293.00 331.00 5.91
293.00 329.00 9.19
293.00 330.00 8.54
293.00 332.00 5.20
294.00 298.00 5.91
294.00 299.00 7.92
294.00 295.00 3.81
294.00 296.00 5.53
294.00 297.00 4.97
294.00 331.00 5.66
294.00 329.00 9.82
294.00 330.00 9.08
294.00 332.00 5.85
295.00 298.00 5.34
295.00 299.00 5.35
295.00 300.00 8.23
295.00 296.00 3.77
295.00 297.00 5.49
295.00 331.00 9.39
295.00 332.00 9.20
296.00 298.00 5.53
296.00 299.00 4.92
296.00 300.00 5.97
296.00 301.00 9.57
296.00 326.00 9.11
296.00 297.00 3.80
296.00 331.00 9.75
297.00 302.00 9.76
297.00 325.00 8.05
297.00 298.00 3.81
297.00 299.00 5.72
297.00 300.00 6.11
297.00 301.00 8.71
297.00 303.00 9.08
297.00 326.00 5.85
297.00 327.00 8.24
297.00 331.00 7.64
297.00 329.00 8.17
297.00 330.00 9.45
297.00 332.00 9.54
298.00 302.00 9.89
298.00 325.00 7.69
298.00 299.00 3.78
298.00 300.00 5.69
298.00 301.00 7.51
298.00 326.00 7.28
298.00 327.00 9.81
298.00 331.00 9.71
299.00 302.00 9.35
299.00 325.00 9.36
299.00 300.00 3.79
299.00 301.00 6.48
299.00 326.00 9.39
300.00 302.00 5.80
300.00 323.00 8.96
300.00 324.00 8.86
300.00 325.00 7.45
300.00 301.00 3.78
300.00 303.00 7.16
300.00 326.00 7.65
301.00 321.00 8.76
301.00 322.00 8.36
301.00 302.00 3.80
301.00 323.00 5.30
301.00 324.00 6.13
301.00 325.00 5.84
301.00 303.00 6.90
301.00 326.00 7.84
302.00 321.00 7.82
302.00 322.00 7.19
302.00 323.00 4.83
302.00 324.00 4.31
302.00 325.00 5.67
302.00 303.00 3.79
302.00 304.00 6.73
302.00 326.00 7.11
303.00 323.00 8.12
303.00 324.00 5.93
303.00 325.00 6.52
303.00 304.00 3.83
303.00 305.00 6.41
303.00 306.00 9.09
303.00 309.00 9.82
303.00 326.00 5.91
303.00 327.00 8.90
304.00 313.00 8.21
304.00 316.00 9.62
304.00 312.00 7.78
304.00 324.00 8.26
304.00 325.00 9.80
304.00 305.00 3.79
304.00 306.00 6.21
304.00 307.00 8.96
304.00 308.00 8.48
304.00 309.00 6.07
304.00 310.00 6.90
304.00 311.00 9.29
304.00 326.00 9.00
305.00 312.00 9.34
305.00 306.00 3.78
305.00 307.00 5.51
305.00 308.00 5.71
305.00 309.00 5.07
305.00 310.00 6.22
305.00 311.00 9.44
306.00 313.00 9.45
306.00 312.00 9.26
306.00 307.00 3.78
306.00 308.00 5.61
306.00 309.00 5.42
306.00 310.00 4.25
306.00 311.00 8.03
307.00 308.00 3.81
307.00 309.00 6.19
307.00 310.00 6.31
307.00 311.00 9.48
308.00 312.00 9.47
308.00 309.00 3.80
308.00 310.00 5.94
308.00 311.00 7.99
309.00 313.00 8.15
309.00 312.00 5.81
309.00 310.00 3.79
309.00 311.00 5.33
310.00 313.00 6.26
310.00 312.00 5.64
310.00 314.00 8.56
310.00 311.00 3.80
311.00 313.00 5.39
311.00 315.00 7.89
311.00 316.00 9.29
311.00 312.00 3.80
311.00 314.00 5.94
312.00 313.00 3.81
312.00 315.00 5.15
312.00 316.00 5.81
312.00 317.00 9.61
312.00 314.00 5.00
313.00 315.00 5.48
313.00 316.00 5.29
313.00 317.00 8.61
313.00 318.00 9.12
313.00 314.00 3.81
314.00 315.00 3.82
314.00 316.00 6.13
314.00 317.00 8.89
314.00 318.00 9.96
315.00 316.00 3.82
315.00 317.00 6.30
315.00 318.00 8.69
316.00 319.00 8.96
316.00 320.00 9.20
316.00 321.00 7.42
316.00 322.00 8.39
316.00 317.00 3.82
316.00 318.00 6.06
317.00 319.00 5.47
317.00 320.00 5.95
317.00 321.00 5.66
317.00 322.00 7.27
317.00 318.00 3.80
318.00 319.00 3.79
318.00 320.00 5.23
318.00 321.00 4.84
318.00 322.00 8.16
319.00 320.00 3.80
319.00 321.00 6.19
319.00 322.00 9.12
320.00 321.00 3.83
320.00 322.00 5.97
320.00 323.00 9.08
321.00 322.00 3.85
321.00 323.00 6.29
321.00 324.00 9.22
322.00 323.00 3.81
322.00 324.00 6.65
322.00 325.00 9.99
323.00 324.00 3.80
323.00 325.00 6.40
323.00 326.00 9.67
324.00 325.00 3.85
324.00 326.00 6.66
324.00 327.00 8.90
325.00 326.00 3.81
325.00 327.00 6.26
325.00 328.00 9.98
326.00 327.00 3.80
326.00 328.00 7.01
326.00 329.00 7.31
327.00 331.00 9.70
327.00 328.00 3.79
327.00 329.00 5.62
327.00 330.00 8.48
328.00 331.00 9.28
328.00 329.00 3.80
328.00 330.00 6.66
329.00 331.00 6.22
329.00 330.00 3.78
329.00 332.00 9.49
330.00 331.00 3.82
330.00 332.00 6.81
331.00 332.00 3.82
333.00 486.00 8.93
333.00 487.00 8.66
333.00 334.00 3.81
333.00 335.00 6.28
333.00 336.00 9.38
334.00 337.00 8.84
334.00 338.00 9.77
334.00 369.00 9.62
334.00 484.00 9.87
334.00 486.00 8.43
334.00 487.00 9.63
334.00 335.00 3.81
334.00 336.00 6.65
335.00 337.00 5.39
335.00 338.00 6.66
335.00 369.00 8.11
335.00 339.00 7.35
335.00 486.00 7.11
335.00 487.00 9.47
335.00 336.00 3.81
336.00 337.00 3.80
336.00 338.00 7.07
336.00 339.00 8.64
337.00 338.00 3.84
337.00 368.00 8.94
337.00 371.00 7.98
337.00 369.00 7.87
337.00 370.00 9.02
337.00 339.00 6.21
337.00 340.00 9.41
337.00 486.00 9.37
338.00 372.00 8.49
338.00 341.00 8.59
338.00 368.00 6.57
338.00 371.00 4.77
338.00 367.00 9.24
338.00 369.00 4.75
338.00 370.00 5.22
338.00 339.00 3.81
338.00 340.00 5.98
338.00 484.00 9.92
338.00 485.00 8.49
338.00 486.00 7.13
339.00 372.00 8.24
339.00 341.00 6.38
339.00 342.00 9.65
339.00 368.00 9.39
339.00 371.00 5.43
339.00 369.00 6.29
339.00 370.00 6.04
339.00 414.00 9.90
339.00 415.00 8.12
339.00 340.00 3.79
339.00 484.00 9.74
339.00 485.00 7.25
339.00 486.00 5.38
339.00 487.00 8.84
340.00 372.00 6.68
340.00 341.00 3.80
340.00 342.00 6.19
340.00 343.00 9.75
340.00 373.00 8.41
340.00 368.00 9.07
340.00 371.00 5.28
340.00 367.00 9.43
340.00 369.00 5.76
340.00 370.00 4.33
340.00 414.00 7.74
340.00 415.00 6.12
340.00 416.00 7.40
340.00 417.00 9.99
340.00 484.00 8.20
340.00 485.00 4.83
340.00 486.00 5.17
340.00 487.00 8.17
340.00 488.00 8.71
341.00 372.00 4.73
341.00 342.00 3.79
341.00 343.00 6.79
341.00 344.00 9.53
341.00 373.00 5.86
341.00 374.00 7.81
341.00 410.00 9.20
341.00 371.00 5.64
341.00 369.00 8.98
341.00 370.00 6.13
341.00 413.00 7.22
341.00 411.00 9.49
341.00 414.00 4.68
341.00 415.00 5.08
341.00 416.00 6.50
341.00 417.00 8.44
341.00 485.00 7.84
341.00 486.00 8.77
342.00 372.00 6.16
342.00 343.00 3.75
342.00 344.00 5.87
342.00 373.00 4.67
342.00 374.00 6.05
342.00 375.00 8.46
342.00 410.00 8.47
342.00 345.00 9.13
342.00 418.00 6.63
342.00 419.00 9.85
342.00 371.00 8.19
342.00 364.00 8.87
342.00 370.00 7.41
342.00 413.00 8.60
342.00 411.00 8.50
342.00 414.00 5.32
342.00 415.00 6.38
342.00 416.00 5.46
342.00 417.00 5.63
342.00 444.00 9.78
342.00 485.00 8.26
342.00 445.00 9.91
343.00 376.00 8.24
343.00 407.00 8.84
343.00 372.00 8.73
343.00 344.00 3.81
343.00 373.00 6.19
343.00 374.00 5.06
343.00 375.00 6.43
343.00 410.00 6.15
343.00 345.00 6.13
343.00 346.00 9.70
343.00 418.00 6.12
343.00 419.00 8.13
343.00 408.00 9.86
343.00 409.00 9.78
343.00 433.00 9.81
343.00 413.00 8.29
343.00 411.00 6.00
343.00 412.00 9.06
343.00 414.00 5.56
343.00 415.00 7.87
343.00 416.00 6.31
343.00 417.00 4.64
343.00 437.00 9.77
343.00 444.00 9.31
344.00 377.00 9.74
344.00 357.00 8.17
344.00 361.00 8.55
344.00 360.00 8.50
344.00 376.00 7.47
344.00 373.00 6.88
344.00 374.00 5.89
344.00 375.00 5.06
344.00 410.00 9.03
344.00 345.00 3.78
344.00 346.00 6.57
344.00 418.00 4.99
344.00 419.00 5.90
344.00 420.00 7.64
344.00 430.00 9.73
344.00 364.00 9.75
344.00 411.00 9.21
344.00 414.00 9.32
344.00 416.00 8.87
344.00 417.00 6.04
344.00 445.00 9.64
345.00 377.00 9.30
345.00 348.00 9.60
345.00 357.00 8.67
345.00 376.00 7.30
345.00 407.00 9.44
345.00 429.00 8.67
345.00 374.00 8.64
345.00 375.00 6.72
345.00 346.00 3.78
345.00 347.00 7.25
345.00 418.00 6.11
345.00 419.00 4.61
345.00 420.00 6.34
345.00 421.00 8.23
345.00 430.00 6.05
345.00 446.00 9.59
345.00 431.00 9.27
345.00 433.00 7.98
345.00 411.00 9.54
345.00 417.00 7.02
345.00 434.00 8.64
346.00 377.00 8.99
346.00 348.00 6.37
346.00 353.00 7.54
346.00 354.00 8.65
346.00 356.00 8.70
346.00 357.00 6.95
346.00 376.00 8.54
346.00 429.00 8.30
346.00 427.00 8.06
346.00 375.00 8.30
346.00 347.00 3.80
346.00 418.00 8.53
346.00 419.00 5.76
346.00 420.00 5.02
346.00 421.00 6.57
346.00 430.00 6.16
346.00 422.00 8.21
346.00 447.00 9.79
346.00 431.00 9.69
347.00 377.00 9.33
347.00 348.00 3.80
347.00 349.00 7.22
347.00 350.00 7.72
347.00 352.00 9.82
347.00 353.00 6.24
347.00 354.00 7.83
347.00 356.00 9.60
347.00 357.00 8.61
347.00 428.00 9.04
347.00 429.00 7.67
347.00 427.00 6.28
347.00 419.00 9.11
347.00 420.00 7.59
347.00 421.00 7.82
347.00 430.00 7.03
347.00 422.00 7.68
347.00 425.00 9.22
347.00 426.00 8.83
348.00 377.00 7.87
348.00 349.00 3.82
348.00 350.00 5.48
348.00 351.00 7.87
348.00 352.00 8.57
348.00 353.00 5.49
348.00 354.00 5.46
348.00 355.00 9.07
348.00 356.00 9.30
348.00 357.00 8.11
348.00 376.00 9.98
348.00 427.00 9.59
349.00 377.00 9.80
349.00 350.00 3.81
349.00 351.00 6.29
349.00 352.00 8.60
349.00 353.00 7.03
349.00 354.00 6.36
349.00 355.00 9.83
350.00 351.00 3.80
350.00 352.00 5.61
350.00 353.00 5.23
350.00 354.00 6.15
350.00 355.00 8.59
351.00 352.00 3.80
351.00 353.00 5.55
351.00 354.00 5.36
351.00 355.00 6.33
351.00 356.00 8.96
352.00 358.00 9.99
352.00 353.00 3.81
352.00 354.00 5.50
352.00 355.00 5.01
352.00 356.00 6.45
352.00 357.00 8.97
352.00 451.00 9.69
352.00 422.00 9.77
353.00 358.00 8.68
353.00 354.00 3.80
353.00 355.00 5.26
353.00 356.00 5.17
353.00 357.00 6.46
353.00 359.00 9.95
353.00 420.00 8.15
353.00 421.00 9.21
353.00 422.00 7.86
353.00 449.00 9.36
354.00 358.00 6.19
354.00 355.00 3.79
354.00 356.00 5.45
354.00 357.00 5.29
354.00 359.00 8.65
354.00 360.00 9.78
355.00 358.00 5.22
355.00 356.00 3.80
355.00 357.00 5.62
355.00 359.00 6.26
355.00 360.00 8.54
356.00 358.00 5.37
356.00 357.00 3.81
356.00 361.00 8.56
356.00 362.00 9.91
356.00 359.00 5.07
356.00 360.00 5.87
356.00 420.00 7.23
356.00 421.00 9.84
356.00 422.00 9.93
356.00 473.00 8.83
356.00 477.00 9.35
356.00 449.00 9.05
357.00 377.00 9.93
357.00 358.00 3.80
357.00 361.00 6.17
357.00 362.00 8.73
357.00 363.00 9.77
357.00 359.00 5.43
357.00 360.00 4.85
357.00 375.00 8.57
357.00 419.00 9.47
357.00 420.00 7.14
358.00 361.00 5.32
358.00 362.00 6.58
358.00 363.00 8.87
358.00 359.00 3.80
358.00 360.00 5.44
359.00 361.00 5.38
359.00 362.00 5.14
359.00 363.00 6.22
359.00 365.00 9.85
359.00 360.00 3.80
359.00 364.00 8.61
359.00 477.00 9.00
359.00 478.00 9.35
360.00 361.00 3.80
360.00 362.00 5.50
360.00 363.00 5.13
360.00 365.00 8.45
360.00 418.00 9.31
360.00 419.00 9.76
360.00 420.00 8.12
360.00 364.00 6.08
360.00 480.00 7.51
360.00 481.00 8.94
360.00 447.00 9.92
360.00 473.00 9.63
360.00 477.00 7.93
360.00 478.00 8.62
361.00 362.00 3.79
361.00 363.00 5.42
361.00 365.00 5.90
361.00 366.00 8.63
361.00 373.00 8.02
361.00 374.00 9.57
361.00 375.00 8.68
361.00 364.00 5.11
361.00 480.00 9.39
361.00 481.00 9.66
362.00 363.00 3.81
362.00 365.00 5.13
362.00 366.00 6.60
362.00 364.00 5.56
362.00 367.00 9.21
362.00 480.00 9.56
362.00 481.00 8.61
363.00 365.00 5.49
363.00 366.00 5.37
363.00 364.00 3.82
363.00 367.00 6.94
363.00 480.00 5.97
363.00 481.00 5.00
363.00 477.00 8.44
363.00 478.00 6.72
363.00 482.00 8.82
363.00 479.00 8.28
364.00 365.00 3.80
364.00 366.00 5.16
364.00 372.00 9.27
364.00 373.00 7.84
364.00 368.00 8.61
364.00 371.00 9.99
364.00 367.00 5.12
364.00 369.00 9.11
364.00 370.00 7.28
364.00 480.00 5.98
364.00 481.00 5.36
364.00 483.00 9.14
364.00 478.00 9.25
364.00 482.00 8.68
364.00 479.00 9.38
364.00 485.00 9.93
365.00 366.00 3.81
365.00 372.00 8.78
365.00 373.00 8.18
365.00 368.00 8.07
365.00 371.00 9.30
365.00 367.00 5.57
365.00 369.00 9.69
365.00 370.00 7.60
365.00 480.00 9.46
365.00 481.00 7.62
366.00 368.00 6.41
366.00 367.00 3.81
366.00 369.00 9.01
366.00 370.00 8.48
366.00 480.00 8.71
366.00 481.00 5.59
366.00 482.00 8.28
367.00 368.00 3.85
367.00 371.00 8.99
367.00 369.00 5.47
367.00 370.00 5.73
367.00 480.00 7.37
367.00 481.00 4.60
367.00 483.00 7.47
367.00 482.00 6.07
367.00 479.00 9.59
367.00 484.00 8.17
367.00 485.00 8.46
368.00 371.00 7.98
368.00 369.00 3.82
368.00 370.00 5.54
368.00 481.00 8.07
368.00 483.00 9.25
368.00 482.00 8.09
368.00 484.00 8.38
368.00 485.00 8.82
368.00 486.00 9.58
369.00 372.00 9.39
369.00 371.00 6.67
369.00 370.00 3.81
369.00 481.00 8.95
369.00 483.00 7.89
369.00 482.00 8.43
369.00 484.00 5.87
369.00 485.00 5.41
369.00 486.00 5.84
369.00 487.00 9.13
370.00 372.00 5.68
370.00 373.00 7.45
370.00 371.00 3.80
370.00 481.00 9.39
370.00 483.00 9.55
370.00 484.00 8.37
370.00 485.00 6.31
370.00 486.00 7.58
371.00 372.00 3.78
371.00 373.00 7.18
371.00 485.00 9.21
371.00 486.00 9.41
372.00 373.00 3.78
372.00 374.00 6.73
372.00 413.00 9.71
372.00 414.00 8.38
372.00 415.00 9.78
373.00 376.00 9.92
373.00 374.00 3.80
373.00 375.00 6.57
373.00 410.00 9.11
373.00 418.00 9.81
373.00 414.00 8.28
373.00 417.00 9.79
374.00 377.00 9.04
374.00 378.00 8.30
374.00 379.00 9.85
374.00 376.00 6.37
374.00 407.00 8.99
374.00 375.00 3.79
374.00 410.00 6.32
374.00 409.00 9.86
374.00 413.00 9.20
374.00 411.00 8.75
374.00 414.00 8.02
374.00 417.00 9.62
375.00 377.00 5.73
375.00 378.00 5.86
375.00 379.00 8.44
375.00 376.00 3.85
375.00 407.00 8.74
375.00 410.00 8.24
376.00 377.00 3.79
376.00 378.00 5.67
376.00 379.00 7.19
376.00 380.00 8.00
376.00 403.00 8.65
376.00 404.00 9.38
376.00 406.00 7.52
376.00 407.00 6.10
376.00 410.00 7.79
376.00 408.00 9.74
376.00 411.00 9.94
377.00 378.00 3.81
377.00 379.00 6.07
377.00 380.00 6.97
377.00 403.00 9.67
377.00 407.00 9.38
378.00 379.00 3.79
378.00 380.00 6.64
379.00 382.00 9.77
379.00 380.00 3.78
379.00 381.00 7.22
379.00 403.00 9.90
379.00 406.00 9.76
380.00 382.00 6.54
380.00 383.00 9.85
380.00 381.00 3.79
380.00 399.00 9.26
380.00 402.00 9.03
380.00 403.00 7.06
380.00 406.00 8.54
381.00 384.00 9.46
381.00 382.00 3.79
381.00 383.00 6.54
381.00 398.00 9.41
381.00 399.00 6.59
381.00 400.00 9.12
381.00 401.00 9.85
381.00 402.00 6.67
381.00 403.00 6.28
381.00 406.00 8.59
382.00 385.00 8.52
382.00 384.00 5.97
382.00 383.00 3.79
382.00 386.00 7.93
382.00 389.00 8.99
382.00 398.00 9.32
382.00 399.00 6.92
382.00 402.00 9.03
382.00 403.00 9.23
383.00 385.00 5.12
383.00 387.00 8.83
383.00 384.00 3.84
383.00 386.00 5.36
383.00 389.00 8.70
383.00 395.00 9.60
383.00 396.00 7.94
383.00 397.00 9.62
383.00 398.00 6.88
383.00 399.00 5.80
383.00 400.00 9.60
383.00 402.00 9.03
384.00 385.00 3.80
384.00 387.00 7.81
384.00 386.00 5.46
384.00 389.00 9.89
384.00 399.00 9.58
385.00 387.00 6.37
385.00 386.00 3.81
385.00 388.00 9.56
385.00 389.00 9.64
385.00 396.00 8.50
385.00 398.00 8.91
385.00 399.00 9.40
386.00 387.00 3.81
386.00 388.00 6.10
386.00 389.00 5.91
386.00 395.00 7.78
386.00 390.00 9.30
386.00 396.00 6.92
386.00 398.00 9.18
386.00 399.00 8.45
387.00 388.00 3.81
387.00 389.00 6.09
387.00 395.00 9.70
387.00 390.00 9.09
387.00 396.00 9.80
388.00 389.00 3.84
388.00 395.00 9.05
388.00 390.00 6.02
388.00 391.00 9.25
388.00 393.00 9.46
389.00 395.00 6.48
389.00 390.00 3.80
389.00 391.00 6.15
389.00 392.00 8.56
389.00 393.00 7.48
389.00 394.00 8.64
389.00 396.00 8.54
389.00 399.00 9.53
390.00 395.00 6.55
390.00 391.00 3.81
390.00 392.00 5.29
390.00 393.00 4.46
390.00 394.00 7.07
390.00 396.00 9.87
391.00 395.00 7.91
391.00 392.00 3.79
391.00 393.00 5.81
391.00 394.00 8.64
392.00 395.00 7.74
392.00 393.00 3.78
392.00 394.00 6.83
393.00 395.00 5.69
393.00 394.00 3.80
393.00 396.00 9.42
394.00 395.00 3.83
394.00 396.00 6.80
394.00 397.00 9.01
394.00 400.00 9.65
395.00 396.00 3.81
395.00 397.00 6.68
395.00 398.00 8.43
395.00 399.00 6.87
395.00 400.00 7.01
396.00 397.00 3.79
396.00 398.00 5.26
396.00 399.00 5.36
396.00 400.00 6.26
396.00 401.00 8.67
397.00 398.00 3.81
397.00 399.00 5.47
397.00 400.00 4.88
397.00 401.00 5.94
397.00 402.00 8.38
397.00 403.00 9.64
398.00 399.00 3.80
398.00 400.00 5.45
398.00 401.00 5.32
398.00 402.00 6.12
398.00 403.00 8.43
398.00 404.00 9.97
399.00 400.00 3.81
399.00 401.00 5.54
399.00 402.00 5.15
399.00 403.00 5.82
399.00 404.00 8.31
399.00 405.00 9.76
400.00 401.00 3.80
400.00 402.00 5.54
400.00 403.00 5.18
400.00 404.00 5.87
400.00 405.00 8.32
400.00 406.00 9.82
401.00 402.00 3.79
401.00 403.00 5.51
401.00 404.00 5.23
401.00 405.00 5.97
401.00 406.00 8.49
401.00 407.00 9.98
402.00 403.00 3.79
402.00 404.00 5.63
402.00 405.00 5.19
402.00 406.00 6.15
402.00 407.00 8.82
402.00 408.00 9.97
403.00 404.00 3.81
403.00 405.00 5.38
403.00 406.00 5.08
403.00 407.00 6.59
403.00 408.00 8.95
403.00 409.00 9.83
404.00 405.00 3.81
404.00 406.00 5.47
404.00 407.00 5.23
404.00 408.00 6.47
404.00 409.00 8.65
405.00 406.00 3.79
405.00 407.00 5.14
405.00 410.00 8.39
405.00 408.00 4.91
405.00 409.00 5.86
405.00 411.00 9.54
406.00 407.00 3.79
406.00 410.00 6.26
406.00 408.00 5.63
406.00 409.00 5.04
406.00 411.00 8.73
406.00 412.00 9.71
407.00 410.00 5.04
407.00 408.00 3.81
407.00 409.00 5.26
407.00 433.00 8.92
407.00 413.00 9.98
407.00 411.00 6.30
407.00 412.00 8.56
408.00 410.00 5.38
408.00 409.00 3.80
408.00 433.00 8.39
408.00 436.00 8.89
408.00 413.00 8.64
408.00 411.00 4.92
408.00 412.00 6.00
408.00 414.00 9.77
408.00 437.00 9.44
409.00 410.00 3.79
409.00 413.00 6.17
409.00 411.00 5.32
409.00 412.00 4.84
409.00 414.00 8.45
410.00 413.00 5.26
410.00 411.00 3.79
410.00 412.00 5.37
410.00 414.00 5.98
410.00 415.00 9.72
410.00 417.00 9.65
411.00 433.00 7.94
411.00 436.00 8.43
411.00 413.00 5.57
411.00 412.00 3.82
411.00 414.00 5.18
411.00 415.00 8.08
411.00 416.00 8.00
411.00 417.00 7.60
411.00 437.00 6.90
411.00 442.00 9.21
411.00 434.00 9.67
411.00 440.00 9.38
412.00 413.00 3.79
412.00 414.00 5.62
412.00 415.00 8.09
412.00 416.00 9.54
412.00 437.00 8.51
412.00 442.00 9.60
412.00 440.00 8.79
413.00 414.00 3.80
413.00 415.00 6.67
413.00 416.00 8.99
414.00 415.00 3.80
414.00 416.00 5.36
414.00 417.00 7.03
414.00 437.00 9.39
414.00 442.00 8.53
414.00 443.00 9.80
415.00 416.00 3.79
415.00 417.00 7.20
415.00 437.00 9.64
415.00 442.00 6.58
415.00 443.00 7.42
415.00 444.00 9.28
415.00 485.00 8.39
415.00 486.00 8.63
415.00 487.00 9.47
415.00 488.00 9.24
415.00 441.00 9.97
416.00 418.00 6.80
416.00 419.00 9.92
416.00 417.00 3.78
416.00 437.00 8.02
416.00 442.00 5.75
416.00 443.00 5.04
416.00 438.00 9.63
416.00 444.00 5.74
416.00 485.00 7.84
416.00 486.00 9.52
416.00 487.00 9.63
416.00 488.00 7.88
416.00 445.00 7.52
416.00 441.00 9.56
417.00 418.00 3.81
417.00 419.00 6.31
417.00 420.00 9.91
417.00 446.00 8.19
417.00 433.00 8.80
417.00 437.00 7.44
417.00 442.00 7.67
417.00 443.00 6.51
417.00 434.00 7.62
417.00 438.00 9.45
417.00 444.00 4.68
417.00 467.00 9.68
417.00 445.00 5.90
418.00 419.00 3.79
418.00 420.00 6.70
418.00 421.00 9.00
418.00 480.00 9.09
418.00 446.00 6.04
418.00 447.00 7.09
418.00 471.00 9.62
418.00 443.00 8.91
418.00 434.00 9.19
418.00 444.00 6.07
418.00 445.00 4.68
418.00 469.00 9.41
418.00 470.00 9.53
419.00 420.00 3.82
419.00 421.00 5.43
419.00 430.00 7.13
419.00 422.00 9.04
419.00 446.00 5.08
419.00 447.00 5.68
419.00 471.00 9.86
419.00 473.00 9.83
419.00 448.00 7.93
419.00 431.00 9.03
419.00 433.00 9.40
419.00 434.00 8.05
419.00 444.00 7.56
419.00 467.00 9.86
419.00 445.00 6.25
419.00 470.00 9.65
420.00 421.00 3.79
420.00 430.00 8.55
420.00 422.00 6.49
420.00 423.00 9.49
420.00 446.00 6.74
420.00 447.00 4.95
420.00 471.00 9.78
420.00 472.00 9.65
420.00 473.00 7.41
420.00 477.00 9.66
420.00 448.00 6.17
420.00 449.00 7.18
420.00 445.00 8.93
421.00 427.00 7.68
421.00 430.00 7.51
421.00 422.00 3.79
421.00 423.00 6.12
421.00 424.00 8.99
421.00 425.00 8.92
421.00 426.00 7.60
421.00 450.00 8.72
421.00 446.00 6.52
421.00 447.00 5.52
421.00 472.00 9.59
421.00 473.00 8.20
421.00 448.00 4.51
421.00 449.00 5.99
421.00 431.00 8.78
421.00 445.00 9.81
422.00 451.00 8.98
422.00 427.00 7.06
422.00 430.00 9.40
422.00 423.00 3.79
422.00 424.00 5.49
422.00 425.00 5.65
422.00 426.00 5.79
422.00 450.00 6.27
422.00 447.00 8.39
422.00 473.00 9.26
422.00 448.00 5.88
422.00 449.00 5.06
423.00 451.00 8.37
423.00 452.00 8.98
423.00 427.00 8.69
423.00 424.00 3.83
423.00 425.00 5.78
423.00 426.00 5.81
423.00 450.00 5.25
423.00 447.00 9.66
423.00 448.00 6.15
423.00 449.00 5.72
423.00 457.00 9.13
423.00 459.00 8.26
423.00 458.00 8.90
424.00 451.00 6.99
424.00 452.00 7.53
424.00 427.00 9.34
424.00 425.00 3.80
424.00 426.00 6.17
424.00 450.00 5.63
424.00 448.00 9.49
424.00 449.00 7.71
424.00 455.00 9.64
425.00 428.00 9.53
425.00 427.00 6.34
425.00 426.00 3.79
425.00 450.00 8.81
425.00 449.00 9.80
426.00 428.00 6.33
426.00 429.00 9.01
426.00 427.00 3.79
426.00 430.00 8.43
426.00 431.00 8.36
427.00 428.00 3.79
427.00 429.00 5.42
427.00 430.00 5.50
427.00 431.00 6.55
427.00 432.00 8.86
428.00 429.00 3.79
428.00 430.00 5.33
428.00 431.00 4.88
428.00 432.00 5.99
428.00 433.00 8.73
428.00 434.00 9.69
429.00 430.00 3.80
429.00 431.00 5.50
429.00 432.00 5.20
429.00 433.00 6.69
429.00 434.00 8.84
430.00 431.00 3.80
430.00 432.00 5.46
430.00 433.00 5.49
430.00 436.00 9.86
430.00 434.00 6.31
430.00 435.00 8.90
431.00 432.00 3.83
431.00 433.00 5.50
431.00 436.00 8.55
431.00 437.00 9.86
431.00 434.00 5.03
431.00 435.00 6.39
431.00 462.00 9.18
431.00 463.00 7.56
432.00 433.00 3.79
432.00 436.00 6.16
432.00 437.00 8.67
432.00 434.00 5.52
432.00 435.00 5.43
433.00 436.00 4.58
433.00 437.00 5.80
433.00 434.00 3.77
433.00 435.00 5.26
433.00 438.00 8.28
433.00 444.00 9.75
433.00 439.00 9.47
434.00 446.00 9.01
434.00 436.00 5.41
434.00 437.00 5.16
434.00 442.00 9.33
434.00 443.00 9.27
434.00 435.00 3.80
434.00 438.00 6.14
434.00 444.00 6.85
434.00 466.00 7.64
434.00 467.00 7.63
434.00 462.00 9.56
434.00 463.00 7.89
434.00 445.00 9.27
434.00 440.00 9.90
434.00 439.00 8.57
435.00 436.00 3.81
435.00 437.00 5.39
435.00 442.00 9.88
435.00 438.00 5.04
435.00 444.00 9.32
435.00 466.00 7.12
435.00 467.00 8.87
435.00 462.00 8.26
435.00 463.00 8.23
435.00 440.00 8.60
435.00 441.00 9.60
435.00 439.00 6.05
436.00 437.00 3.80
436.00 442.00 9.07
436.00 438.00 5.56
436.00 440.00 6.55
436.00 441.00 8.92
436.00 439.00 5.22
437.00 442.00 5.49
437.00 443.00 7.44
437.00 438.00 3.79
437.00 444.00 7.28
437.00 466.00 9.47
437.00 467.00 9.73
437.00 440.00 5.08
437.00 441.00 6.45
437.00 439.00 5.39
438.00 442.00 5.42
438.00 443.00 6.81
438.00 444.00 7.20
438.00 466.00 6.62
438.00 467.00 7.78
438.00 468.00 8.96
438.00 440.00 5.17
438.00 441.00 4.72
438.00 439.00 3.81
439.00 442.00 7.57
439.00 466.00 9.34
439.00 440.00 3.80
439.00 441.00 5.29
440.00 442.00 5.52
440.00 443.00 9.02
440.00 441.00 3.83
441.00 442.00 3.81
441.00 443.00 6.64
441.00 444.00 9.19
442.00 443.00 3.81
442.00 444.00 6.52
442.00 467.00 9.80
442.00 488.00 9.99
442.00 468.00 9.05
443.00 446.00 9.86
443.00 444.00 3.82
443.00 466.00 9.22
443.00 467.00 7.37
443.00 485.00 9.90
443.00 487.00 9.43
443.00 488.00 7.08
443.00 489.00 8.99
443.00 445.00 6.74
443.00 468.00 5.88
443.00 469.00 7.73
443.00 490.00 8.16
444.00 446.00 6.29
444.00 447.00 9.69
444.00 466.00 7.98
444.00 467.00 5.31
444.00 488.00 8.70
444.00 445.00 3.82
444.00 468.00 5.51
444.00 469.00 6.41
444.00 470.00 8.47
444.00 490.00 8.97
445.00 480.00 9.67
445.00 446.00 3.81
445.00 447.00 6.49
445.00 471.00 7.09
445.00 448.00 9.66
445.00 467.00 6.44
445.00 485.00 9.99
445.00 488.00 8.31
445.00 489.00 9.71
445.00 468.00 6.32
445.00 469.00 4.76
445.00 470.00 5.60
445.00 490.00 8.42
445.00 491.00 8.82
445.00 492.00 9.96
446.00 447.00 3.81
446.00 471.00 6.20
446.00 472.00 7.88
446.00 473.00 8.57
446.00 448.00 6.10
446.00 449.00 9.67
446.00 466.00 9.75
446.00 467.00 6.40
446.00 463.00 8.71
446.00 464.00 9.09
446.00 468.00 7.92
446.00 469.00 6.26
446.00 470.00 4.79
446.00 491.00 9.90
446.00 493.00 8.93
447.00 474.00 8.43
447.00 480.00 9.29
447.00 471.00 5.00
447.00 472.00 5.32
447.00 473.00 4.87
447.00 476.00 8.73
447.00 477.00 7.45
447.00 448.00 3.83
447.00 449.00 6.65
447.00 475.00 9.89
447.00 469.00 8.78
447.00 470.00 6.05
448.00 474.00 7.28
448.00 450.00 6.83
448.00 471.00 7.20
448.00 472.00 5.45
448.00 473.00 5.07
448.00 476.00 9.97
448.00 477.00 9.23
448.00 449.00 3.81
448.00 475.00 9.65
448.00 470.00 7.83
449.00 451.00 6.93
449.00 474.00 5.56
449.00 452.00 9.06
449.00 450.00 3.80
449.00 471.00 9.80
449.00 472.00 7.01
449.00 473.00 5.03
449.00 477.00 9.29
449.00 475.00 9.02
449.00 453.00 9.25
450.00 451.00 3.79
450.00 474.00 7.12
450.00 452.00 5.34
450.00 472.00 9.61
450.00 473.00 8.26
450.00 453.00 6.32
450.00 454.00 9.54
450.00 455.00 8.96
450.00 457.00 9.66
451.00 474.00 8.67
451.00 452.00 3.79
451.00 453.00 6.22
451.00 454.00 8.79
451.00 455.00 9.10
452.00 453.00 3.83
452.00 454.00 5.28
452.00 455.00 5.49
452.00 456.00 8.69
452.00 457.00 9.73
453.00 474.00 9.17
453.00 454.00 3.79
453.00 455.00 5.31
453.00 456.00 7.72
453.00 457.00 8.03
454.00 455.00 3.79
454.00 456.00 6.83
454.00 457.00 8.73
455.00 456.00 3.80
455.00 457.00 6.50
455.00 458.00 9.02
456.00 457.00 3.81
456.00 459.00 9.47
456.00 458.00 5.89
456.00 496.00 8.53
456.00 497.00 7.98
457.00 459.00 6.93
457.00 458.00 3.79
457.00 498.00 8.69
457.00 495.00 7.60
457.00 496.00 5.11
457.00 497.00 5.91
458.00 459.00 3.78
458.00 460.00 7.00
458.00 461.00 9.24
458.00 464.00 9.29
458.00 498.00 5.57
458.00 499.00 7.11
458.00 495.00 8.61
458.00 496.00 4.94
458.00 497.00 4.28
459.00 460.00 3.79
459.00 461.00 6.28
459.00 462.00 8.48
459.00 463.00 6.89
459.00 464.00 6.15
459.00 465.00 9.65
459.00 498.00 5.30
459.00 499.00 6.45
459.00 493.00 9.33
459.00 494.00 9.94
459.00 495.00 9.72
459.00 496.00 6.11
459.00 497.00 6.25
460.00 466.00 9.78
460.00 461.00 3.82
460.00 462.00 5.56
460.00 463.00 5.44
460.00 464.00 6.13
460.00 465.00 8.60
460.00 498.00 5.85
460.00 499.00 5.21
460.00 496.00 9.27
460.00 497.00 8.58
461.00 466.00 7.86
461.00 467.00 9.88
461.00 462.00 3.82
461.00 463.00 5.41
461.00 464.00 4.96
461.00 465.00 5.85
461.00 498.00 5.70
461.00 499.00 5.88
461.00 496.00 9.79
461.00 497.00 9.10
462.00 466.00 5.39
462.00 467.00 8.17
462.00 463.00 3.79
462.00 464.00 5.64
462.00 465.00 5.43
462.00 498.00 9.43
462.00 499.00 9.15
463.00 466.00 4.98
463.00 467.00 5.86
463.00 464.00 3.82
463.00 465.00 5.51
463.00 498.00 9.66
463.00 468.00 9.53
463.00 493.00 8.97
464.00 466.00 5.79
464.00 467.00 5.90
464.00 465.00 3.81
464.00 498.00 7.70
464.00 499.00 9.61
464.00 468.00 8.59
464.00 469.00 9.60
464.00 470.00 9.02
464.00 492.00 7.87
464.00 493.00 5.64
464.00 494.00 8.03
464.00 496.00 8.18
464.00 497.00 9.51
465.00 466.00 3.81
465.00 467.00 5.54
465.00 498.00 9.81
465.00 468.00 7.45
465.00 469.00 9.81
465.00 492.00 7.58
465.00 493.00 7.17
465.00 494.00 9.66
466.00 467.00 3.80
466.00 468.00 6.47
466.00 469.00 9.39
466.00 492.00 9.33
466.00 493.00 9.35
467.00 468.00 3.80
467.00 469.00 5.84
467.00 470.00 7.21
467.00 490.00 8.86
467.00 491.00 8.77
467.00 492.00 7.31
467.00 493.00 7.44
468.00 488.00 8.80
468.00 489.00 8.33
468.00 469.00 3.80
468.00 470.00 6.95
468.00 490.00 5.21
468.00 491.00 6.11
468.00 492.00 5.80
468.00 493.00 7.76
469.00 471.00 6.77
469.00 488.00 7.92
469.00 489.00 7.25
469.00 470.00 3.79
469.00 490.00 4.61
469.00 491.00 4.15
469.00 492.00 5.55
469.00 493.00 6.98
470.00 471.00 3.79
470.00 472.00 6.38
470.00 473.00 8.98
470.00 476.00 9.69
470.00 490.00 7.95
470.00 491.00 5.82
470.00 492.00 6.54
470.00 493.00 5.90
470.00 494.00 8.86
471.00 474.00 8.84
471.00 480.00 8.11
471.00 483.00 9.73
471.00 472.00 3.79
471.00 473.00 6.10
471.00 476.00 6.00
471.00 477.00 6.83
471.00 478.00 9.20
471.00 475.00 8.21
471.00 479.00 7.42
471.00 491.00 8.25
471.00 492.00 9.86
471.00 493.00 9.01
472.00 474.00 5.46
472.00 473.00 3.79
472.00 476.00 5.16
472.00 477.00 6.27
472.00 478.00 9.49
472.00 475.00 5.46
472.00 479.00 9.10
472.00 493.00 9.99
473.00 474.00 3.79
473.00 480.00 9.45
473.00 476.00 5.69
473.00 477.00 4.46
473.00 478.00 8.26
473.00 475.00 5.63
473.00 479.00 9.17
474.00 476.00 6.32
474.00 477.00 6.27
474.00 478.00 9.51
474.00 475.00 3.81
475.00 476.00 3.81
475.00 477.00 5.86
475.00 478.00 8.04
475.00 479.00 9.22
476.00 480.00 8.02
476.00 477.00 3.79
476.00 478.00 5.29
476.00 479.00 5.50
477.00 480.00 6.18
477.00 481.00 8.65
477.00 478.00 3.81
477.00 479.00 5.47
478.00 480.00 5.28
478.00 481.00 6.02
478.00 483.00 9.25
478.00 482.00 7.72
478.00 479.00 3.79
479.00 480.00 3.81
479.00 481.00 5.25
479.00 483.00 5.90
479.00 482.00 5.25
479.00 484.00 9.70
480.00 481.00 3.80
480.00 483.00 5.37
480.00 482.00 5.63
480.00 484.00 8.72
480.00 485.00 9.17
481.00 483.00 5.88
481.00 482.00 3.82
481.00 484.00 8.63
481.00 485.00 9.70
482.00 483.00 3.82
482.00 484.00 6.39
482.00 485.00 8.85
483.00 484.00 3.81
483.00 485.00 6.00
483.00 486.00 8.88
483.00 487.00 9.17
483.00 488.00 7.42
483.00 489.00 8.51
484.00 485.00 3.79
484.00 486.00 5.39
484.00 487.00 5.97
484.00 488.00 5.73
484.00 489.00 7.41
485.00 486.00 3.80
485.00 487.00 5.35
485.00 488.00 4.88
485.00 489.00 8.20
486.00 487.00 3.79
486.00 488.00 6.10
486.00 489.00 8.99
487.00 488.00 3.82
487.00 489.00 5.80
487.00 490.00 9.03
488.00 489.00 3.82
488.00 490.00 6.24
488.00 491.00 9.29
489.00 490.00 3.78
489.00 491.00 6.79
490.00 491.00 3.79
490.00 492.00 6.37
490.00 493.00 9.56
491.00 492.00 3.83
491.00 493.00 6.57
491.00 494.00 8.82
492.00 493.00 3.79
492.00 494.00 6.23
492.00 495.00 9.96
493.00 494.00 3.80
493.00 495.00 7.05
493.00 496.00 7.35
494.00 498.00 9.65
494.00 495.00 3.80
494.00 496.00 5.57
494.00 497.00 8.50
495.00 498.00 9.27
495.00 496.00 3.79
495.00 497.00 6.71
496.00 498.00 6.16
496.00 499.00 9.55
496.00 497.00 3.77
497.00 498.00 3.79
497.00 499.00 6.86
498.00 499.00 3.79
