-26.61 5.95 -5.44
-27.33 7.61 -8.79
-24.08 9.10 -10.06
-24.11 12.80 -10.84
-21.46 12.06 -13.46
-19.95 8.82 -14.78
-17.23 7.51 -12.44
-16.48 4.11 -13.95
-12.83 4.07 -15.00
-12.18 0.84 -16.85
-8.98 -1.08 -17.31
-9.75 -3.35 -20.26
-7.35 -6.28 -20.05
-7.09 -8.80 -22.86
-4.78 -10.84 -25.10
-4.16 -9.31 -28.54
-2.61 -12.06 -30.68
-5.21 -14.02 -32.68
-7.83 -12.25 -34.79
-10.54 -13.61 -32.53
-9.01 -11.95 -29.47
-8.58 -8.84 -31.60
-12.26 -8.99 -32.57
-13.49 -9.39 -28.98
-11.50 -6.37 -27.82
-12.76 -4.14 -30.64
-16.32 -5.16 -29.75
-15.90 -4.88 -25.98
-14.76 -1.32 -26.65
-17.85 -0.60 -28.76
-20.09 -2.02 -26.04
-18.45 -0.22 -23.11
-18.61 2.93 -25.25
-22.41 2.79 -24.98
-22.46 2.34 -21.21
-23.56 5.56 -19.42
-21.74 4.59 -16.19
-18.29 4.76 -17.76
-16.11 7.90 -17.69
-13.01 6.37 -19.28
-11.70 3.12 -20.73
-8.03 2.21 -20.95
-6.85 -0.47 -23.36
-3.06 -1.19 -23.10
-2.56 -2.16 -26.75
-3.61 1.27 -28.00
2.41 2.50 -27.18
5.81 3.87 -26.18
8.66 4.34 -28.65
12.27 4.04 -27.53
14.25 6.31 -29.91
17.10 3.82 -29.39
15.54 0.59 -30.64
16.80 0.32 -34.21
11.89 -3.65 -32.76
9.31 -6.40 -33.26
6.47 -7.82 -31.22
7.78 -11.02 -29.70
11.36 -9.97 -30.25
14.08 -8.75 -27.91
13.02 -5.34 -26.57
15.07 -2.65 -24.83
14.75 -2.36 -21.05
13.61 1.24 -21.43
10.73 0.16 -23.66
9.89 -2.75 -21.33
9.82 -0.50 -18.26
7.82 2.28 -19.90
5.27 -0.12 -21.35
4.86 -2.21 -18.20
4.46 1.02 -16.24
1.86 2.35 -18.68
-0.15 -0.73 -17.80
0.35 -0.40 -14.04
-0.60 3.26 -14.37
-3.75 2.13 -16.15
-4.55 -0.17 -13.26
-3.80 2.60 -10.75
-6.13 5.11 -12.40
-8.84 2.49 -12.96
-11.74 1.85 -10.59
-12.35 -1.64 -11.97
-11.00 -4.17 -14.43
-12.76 -5.85 -17.34
-10.94 -8.90 -18.67
-11.77 -10.55 -22.00
-10.54 -13.85 -20.59
-9.61 -16.57 -23.07
-10.38 -19.99 -21.57
-8.80 -21.79 -24.56
-5.39 -20.09 -24.60
-4.72 -18.84 -21.05
-3.11 -15.39 -20.98
-0.72 -15.11 -18.04
-0.41 -11.38 -18.58
-4.13 -10.93 -17.99
-4.10 -13.19 -14.94
-1.15 -11.23 -13.48
-3.20 -8.07 -13.82
-6.22 -9.65 -12.15
-4.15 -10.61 -9.12
-2.55 -7.16 -9.06
-5.95 -5.44 -9.10
-7.39 -7.68 -6.39
-4.34 -7.08 -4.21
-5.32 -3.43 -4.53
-8.87 -4.46 -3.52
-10.36 -3.23 -6.81
-13.30 -5.05 -8.43
-12.65 -7.35 -11.39
-15.24 -8.31 -14.00
-14.35 -11.59 -15.74
-15.71 -11.94 -19.31
-14.67 -15.51 -20.27
-14.61 -16.78 -23.84
-14.37 -20.32 -25.19
-14.70 -21.90 -28.61
-14.87 -25.36 -27.06
-18.33 -25.76 -25.44
-17.69 -29.52 -25.33
-15.08 -29.26 -22.56
-16.40 -29.16 -18.98
-16.33 -25.52 -17.84
-13.37 -25.51 -15.45
-11.50 -22.61 -13.83
-8.40 -22.15 -11.69
-9.28 -21.41 -8.05
-7.39 -18.11 -7.89
-9.34 -16.75 -10.84
-12.64 -18.20 -9.65
-12.32 -16.74 -6.15
-10.29 -13.70 -7.21
-12.84 -12.27 -9.63
-15.76 -10.29 -8.15
-18.15 -10.33 -11.12
-18.51 -12.66 -14.09
-20.30 -11.97 -17.37
-20.13 -14.87 -19.83
-18.51 -13.64 -23.02
-20.19 -16.27 -25.17
-23.72 -15.63 -23.88
-23.74 -12.24 -22.10
-21.08 -10.12 -23.83
-23.72 -7.42 -24.34
-24.27 -7.02 -20.60
-21.17 -4.77 -20.66
-23.14 -1.99 -22.29
-25.55 -1.90 -19.35
-23.49 -2.97 -16.33
-23.40 -0.28 -13.65
-19.70 0.52 -13.28
-20.36 3.23 -10.70
-20.75 0.46 -8.11
-19.84 -2.80 -9.88
-22.41 -5.23 -8.39
-20.95 -8.58 -7.32
-21.68 -11.89 -9.08
-19.59 -14.80 -7.77
-18.34 -17.45 -10.19
-20.57 -20.53 -10.12
-21.03 -23.65 -12.21
-17.31 -23.96 -12.89
-15.29 -26.95 -11.84
-12.48 -25.57 -9.70
-9.20 -26.78 -11.18
-9.07 6.00 -25.20
-10.89 9.36 -25.27
-12.43 10.21 -21.88
-16.11 11.17 -21.57
-15.19 13.55 -18.75
-11.88 14.84 -17.31
-10.56 12.26 -14.84
-7.13 13.57 -13.89
-6.80 14.45 -10.23
-3.43 16.06 -9.69
-1.42 16.24 -6.48
0.84 19.21 -7.15
3.87 18.78 -4.92
6.40 21.55 -4.55
8.77 23.36 -2.23
7.22 26.68 -1.34
10.27 28.82 -0.66
12.33 31.27 -2.69
10.45 33.52 -5.02
11.50 31.15 -7.84
9.71 28.19 -6.21
6.42 29.97 -5.57
6.52 31.43 -9.08
6.92 27.99 -10.68
4.00 26.83 -8.56
2.02 29.79 -9.85
2.83 28.99 -13.48
2.19 25.29 -12.88
-1.36 26.05 -11.77
-1.98 28.28 -14.78
-0.80 25.57 -17.17
-2.79 22.85 -15.42
-5.89 25.04 -15.55
-5.72 24.94 -19.34
-5.51 21.14 -19.55
-8.81 19.51 -20.68
-7.80 16.22 -19.03
-7.67 17.65 -15.51
-10.67 17.25 -13.20
-9.06 18.63 -10.03
-5.76 19.98 -8.73
-4.63 19.99 -5.11
-1.87 22.30 -3.90
-0.91 21.62 -0.24
-0.05 25.27 0.41
-3.38 26.72 -0.78
-5.58 26.33 2.31
-4.45 25.48 5.79
-5.77 24.29 9.09
-6.13 26.63 12.04
-5.67 25.41 15.61
-7.47 27.79 18.04
-5.20 26.69 20.90
-2.21 27.73 18.84
-1.16 31.32 19.51
1.24 33.38 17.38
1.81 30.49 14.93
4.80 31.03 12.64
6.26 29.07 9.74
9.39 27.18 10.72
8.47 27.69 14.35
7.24 25.15 16.89
3.73 24.06 15.84
1.03 22.28 17.86
0.68 18.52 17.43
-2.96 19.07 16.41
-1.93 21.49 13.64
0.84 19.13 12.56
-1.51 16.14 12.34
-4.25 17.99 10.49
-1.84 19.48 7.98
0.06 16.24 7.38
-3.25 14.40 6.93
-4.47 17.06 4.52
-1.48 16.29 2.34
-1.98 12.51 2.59
-5.69 12.98 1.83
-4.64 14.88 -1.28
-2.36 12.04 -2.33
-5.15 9.54 -1.71
-7.65 11.50 -3.82
-5.08 12.08 -6.58
-4.76 9.84 -9.62
-1.25 11.12 -10.24
1.42 13.37 -8.83
3.14 16.35 -10.43
6.27 17.53 -8.65
7.97 20.87 -9.33
11.32 19.41 -8.29
14.07 21.88 -7.37
17.33 20.23 -8.45
19.42 22.94 -6.74
18.06 22.63 -3.21
16.62 19.16 -2.67
13.32 19.11 -0.79
12.75 16.05 1.41
9.02 16.75 1.71
8.54 16.34 -2.03
10.77 13.28 -2.11
8.80 11.74 0.79
5.60 12.32 -1.17
7.00 10.82 -4.37
7.94 7.67 -2.47
4.54 7.51 -0.70
2.75 7.79 -4.06
4.92 5.16 -5.75
4.27 2.74 -2.88
0.57 3.25 -3.67
1.45 2.47 -7.32
0.36 5.91 -8.51
2.09 7.61 -11.46
4.45 10.46 -10.67
5.31 13.18 -13.15
8.64 14.78 -12.26
9.28 18.35 -13.43
12.88 19.22 -12.55
14.18 22.79 -12.33
17.73 24.10 -12.18
19.03 27.66 -12.31
22.31 26.21 -13.61
21.50 24.32 -16.86
25.23 23.94 -17.40
26.20 22.13 -14.19
26.31 18.31 -14.15
23.06 16.39 -14.57
22.85 13.91 -11.70
19.86 12.38 -9.90
19.33 10.09 -6.93
18.53 6.50 -7.98
15.22 6.37 -6.09
13.89 9.50 -7.72
15.27 8.54 -11.13
13.67 5.09 -11.03
10.68 5.96 -8.88
9.15 8.53 -11.21
7.22 7.26 -14.20
7.23 10.38 -16.36
9.72 13.23 -16.58
8.97 16.61 -18.20
11.81 19.12 -18.02
10.66 22.27 -16.27
13.38 24.40 -17.80
12.42 23.67 -21.41
9.15 21.75 -21.45
7.22 23.28 -18.57
4.46 24.25 -20.99
3.45 20.69 -21.86
1.68 20.36 -18.50
-1.08 22.20 -20.37
-1.42 19.35 -22.91
-0.16 16.18 -21.18
-2.89 13.52 -21.05
-3.67 13.06 -17.35
-6.48 10.63 -18.10
-3.79 8.06 -18.85
-0.39 9.54 -17.89
1.91 8.08 -20.61
5.22 6.96 -19.10
8.52 8.57 -20.05
11.54 7.16 -18.13
14.27 9.47 -16.82
17.33 9.35 -19.07
20.42 11.52 -19.48
21.07 11.94 -15.76
24.07 10.42 -14.03
22.89 8.12 -11.21
24.12 8.19 -7.59
-8.29 24.39 -6.18
-11.79 24.53 -7.67
-12.69 21.26 -9.40
-13.84 21.18 -13.03
-16.37 18.48 -12.19
-17.60 16.79 -8.97
-14.87 14.46 -7.69
-16.18 13.28 -4.34
-17.20 9.63 -4.24
-18.74 8.84 -0.88
-18.91 5.54 0.90
-21.77 6.12 3.35
-21.31 3.74 6.25
-24.00 3.32 8.86
-25.88 0.88 11.09
-29.41 0.13 9.91
-32.66 -1.60 10.93
-33.02 0.62 14.01
-35.66 3.30 13.48
-33.40 6.20 14.47
-30.45 4.89 12.44
-32.55 4.55 9.29
-33.72 8.11 9.85
-30.14 9.40 9.91
-29.07 7.58 6.73
-32.14 8.93 4.95
-31.32 12.47 6.05
-27.64 11.97 5.26
-28.53 11.08 1.68
-30.68 14.18 1.25
-27.89 16.37 2.63
-25.21 14.76 0.43
-27.43 14.93 -2.65
-27.30 18.70 -2.17
-23.49 18.83 -2.15
-21.97 20.18 -5.43
-18.64 18.48 -4.65
-20.14 14.99 -4.78
-20.05 12.84 -7.91
-21.44 9.68 -6.35
-22.78 8.22 -3.13
-22.76 4.53 -2.23
-24.92 3.26 0.61
-24.50 -0.52 1.25
-28.08 -1.24 2.27
-29.71 0.20 -0.85
-29.54 -2.51 -3.48
-28.68 -6.10 -2.68
-27.54 -9.41 -4.13
-30.07 -12.20 -4.57
-28.90 -15.80 -4.36
-31.52 -17.67 -6.46
-30.34 -20.72 -4.52
-31.57 -19.24 -1.23
-34.92 -20.66 -0.10
-36.18 -18.37 2.67
-33.53 -15.61 3.00
-33.49 -14.82 6.72
-32.46 -11.17 7.13
-30.59 -12.18 10.27
-30.48 -15.93 9.82
-27.57 -18.11 8.73
-27.55 -17.03 5.06
-25.61 -18.71 2.25
-21.88 -18.24 1.75
-22.66 -17.12 -1.80
-24.80 -14.24 -0.57
-22.30 -13.40 2.17
-19.35 -13.25 -0.23
-21.26 -11.25 -2.82
-22.65 -8.84 -0.24
-19.35 -8.35 1.61
-17.59 -7.74 -1.71
-20.18 -5.19 -2.77
-19.14 -3.29 0.33
-15.39 -3.60 -0.28
-16.05 -2.52 -3.86
-17.82 0.60 -2.60
-14.86 1.29 -0.35
-12.49 0.72 -3.29
-14.30 3.15 -5.56
-14.87 5.79 -2.90
-12.54 8.76 -2.40
-13.69 9.06 1.20
-15.93 7.54 3.83
-18.74 9.27 5.75
-19.83 7.29 8.79
-23.10 7.93 10.65
-21.55 6.75 13.91
-23.90 5.72 16.71
-22.18 6.51 19.99
-24.94 4.79 22.01
-24.91 1.43 20.24
-21.47 0.88 18.74
-21.57 -0.80 15.34
-18.58 -3.04 14.70
-19.41 -3.26 11.01
-18.86 0.50 10.73
-15.65 0.34 12.76
-14.29 -2.47 10.56
-14.57 -0.37 7.42
-13.20 2.73 9.07
-10.02 0.79 9.78
-10.14 -0.80 6.33
-10.40 2.65 4.74
-7.65 4.14 6.87
-5.35 1.23 5.96
-5.93 2.27 2.36
-4.96 5.83 3.37
-8.38 7.22 2.46
-9.96 10.07 4.43
-12.77 9.19 6.86
-15.43 11.67 8.03
-16.95 10.59 11.36
-20.46 11.85 12.12
-21.19 10.85 15.74
-24.76 10.70 17.07
-25.88 10.17 20.66
-29.32 10.23 22.27
-27.68 10.79 25.65
-25.77 14.11 25.60
-25.82 14.02 29.39
-23.56 10.98 29.27
-19.76 10.89 29.21
-18.04 12.01 26.00
-15.62 9.15 25.40
-14.29 7.54 22.25
-12.05 4.57 21.49
-8.50 5.70 20.63
-8.47 3.84 17.30
-11.58 5.71 16.19
-10.53 9.09 17.63
-7.11 8.93 15.96
-8.05 6.90 12.87
-10.67 9.41 11.73
-9.41 12.43 9.79
-12.42 14.73 10.09
-15.26 14.89 12.61
-18.65 16.51 12.08
-20.99 16.25 15.06
-24.14 14.53 13.86
-26.20 16.05 16.65
-25.16 19.65 15.97
-23.47 20.04 12.58
-25.26 17.34 10.59
-26.11 20.00 8.00
-22.46 20.62 7.21
-22.55 17.49 5.03
-24.12 19.65 2.33
-21.37 22.30 2.35
-18.30 20.13 3.06
-15.77 20.10 0.21
-15.50 16.44 -0.75
-13.04 17.30 -3.51
-10.35 17.85 -0.89
-11.80 16.61 2.42
-10.04 19.05 4.78
-9.22 17.34 8.06
-10.59 18.18 11.49
-9.05 16.07 14.30
-11.32 14.64 16.98
-11.02 16.69 20.18
-13.07 17.12 23.35
-13.62 13.40 23.85
-12.20 11.38 26.71
-10.09 8.56 25.30
-9.99 4.90 26.26
